test_files/stamping/rasterTestFiles/testRealDataStamping_base.asc
ncols 500
nrows 466
xllcorner 999527.4766217033612
yllcorner 14388512.4177337884903
cellsize 6.7224582965930
NODATA_value -999999
[rows 128 to 159 of 466, columns 213 to 283 of 500]
313.85 311.00 311.34 313.16 314.96 314.66 311.73 310.17 308.51 307.89 307.86 307.25 307.93 308.63 309.49 310.71 311.00 311.38 312.95 313.63 314.20 317.28 318.44 318.98 319.52 320.06 320.75 321.44 321.92 322.00 322.00 322.00 322.00 322.00 322.13 322.25 322.37 322.50 322.62 322.76 322.90 323.08 323.12 323.24 323.44 323.64 323.85 324.04 324.18 324.32 324.45 324.56 324.67 324.77 324.88 324.99 325.10 325.21 325.32 325.44 325.55 325.67 325.78 325.89 326.01 326.19 326.37 326.54 326.72 326.89 327.07
313.57 311.00 311.41 313.34 315.98 315.99 312.18 310.61 308.95 308.05 308.00 307.12 307.80 308.52 309.30 310.52 311.00 311.07 312.82 313.57 313.95 316.61 318.45 319.13 319.82 320.51 321.15 321.59 322.00 322.00 322.00 322.00 322.00 322.07 322.19 322.31 322.44 322.56 322.68 322.81 322.95 323.09 323.27 323.36 323.49 323.69 323.89 324.06 324.18 324.29 324.40 324.51 324.63 324.74 324.86 324.97 325.09 325.20 325.31 325.43 325.54 325.66 325.77 325.88 326.00 326.17 326.35 326.52 326.70 326.88 327.05
313.28 311.00 311.45 313.12 315.07 316.00 313.43 311.06 309.46 308.42 308.03 307.01 307.68 308.40 309.18 310.26 310.86 311.00 312.60 313.40 313.82 315.20 318.67 319.58 320.27 320.82 321.26 321.71 322.00 322.00 322.00 322.00 322.01 322.13 322.25 322.38 322.50 322.62 322.75 322.87 323.00 323.14 323.28 323.46 323.59 323.74 323.94 324.14 324.21 324.31 324.40 324.50 324.62 324.73 324.85 324.96 325.07 325.19 325.30 325.42 325.53 325.65 325.76 325.87 325.99 326.16 326.33 326.51 326.68 326.86 327.03
314.08 311.00 311.12 313.25 316.00 316.00 314.27 311.51 309.91 308.78 308.49 307.25 307.55 308.28 309.06 310.01 310.71 311.00 312.29 313.21 313.73 314.06 317.31 320.03 320.49 320.92 321.35 321.78 322.00 322.00 322.00 322.00 322.07 322.19 322.32 322.44 322.57 322.69 322.81 322.94 323.06 323.19 323.33 323.47 323.65 323.83 323.98 324.19 324.33 324.39 324.49 324.59 324.68 324.78 324.88 324.98 325.07 325.18 325.29 325.41 325.52 325.63 325.75 325.86 325.98 326.14 326.32 326.49 326.66 326.83 327.00
313.90 311.00 311.17 313.61 316.00 316.00 314.79 311.96 310.37 309.15 308.75 307.48 307.42 308.16 308.94 309.75 310.56 311.00 311.98 312.98 313.44 313.82 317.74 319.41 320.24 320.86 321.29 321.72 322.00 322.00 322.00 322.01 322.13 322.26 322.38 322.51 322.63 322.75 322.88 323.00 323.12 323.25 323.38 323.52 323.66 323.84 324.04 324.24 324.45 324.52 324.58 324.67 324.77 324.87 324.96 325.06 325.16 325.26 325.35 325.45 325.55 325.65 325.74 325.85 325.97 326.12 326.29 326.46 326.62 326.79 326.95
313.36 311.00 311.00 313.47 316.00 316.00 315.06 312.43 310.84 309.52 308.98 307.72 307.30 308.04 308.82 309.60 310.41 310.85 311.35 312.45 312.90 313.48 316.87 318.63 319.46 320.28 321.11 321.66 322.00 322.00 322.00 322.07 322.20 322.32 322.45 322.57 322.69 322.82 322.94 323.06 323.19 323.31 323.44 323.58 323.71 323.85 324.06 324.32 324.50 324.70 324.71 324.76 324.86 324.95 325.05 325.15 325.24 325.34 325.44 325.54 325.63 325.73 325.83 325.93 326.00 326.08 326.24 326.40 326.57 326.73 326.90
313.54 311.00 311.00 313.36 316.00 316.00 315.35 312.87 311.33 309.89 309.22 307.95 307.17 307.92 308.70 309.49 310.26 310.70 311.10 311.91 312.36 313.04 315.58 318.76 319.42 320.08 320.74 321.40 322.00 322.00 322.01 322.14 322.26 322.39 322.51 322.63 322.76 322.88 323.00 323.13 323.25 323.37 323.50 323.63 323.77 323.91 324.08 324.42 324.56 324.76 324.89 324.90 324.95 325.04 325.14 325.23 325.33 325.43 325.52 325.62 325.72 325.82 325.91 326.00 326.00 326.02 326.19 326.35 326.52 326.68 326.86
313.84 311.00 311.00 313.11 315.75 316.00 315.61 313.35 311.79 310.29 309.45 308.18 307.05 307.81 308.59 309.37 310.11 310.55 311.01 311.54 312.06 312.80 314.43 317.80 319.62 320.28 320.94 321.42 321.86 322.00 322.08 322.20 322.33 322.45 322.57 322.70 322.82 322.94 323.07 323.19 323.31 323.44 323.56 323.69 323.82 323.96 324.18 324.44 324.78 324.81 325.02 325.08 325.10 325.14 325.22 325.32 325.42 325.51 325.61 325.71 325.80 325.90 326.00 326.00 326.00 326.00 326.13 326.30 326.46 326.67 326.87
313.98 311.02 311.00 312.88 315.74 316.00 315.81 313.85 312.27 310.76 309.69 308.42 307.15 307.69 308.47 309.25 309.96 310.40 310.93 311.45 311.98 312.68 313.74 316.49 319.78 320.40 320.83 321.27 321.70 322.02 322.14 322.27 322.39 322.51 322.64 322.76 322.88 323.01 323.13 323.25 323.38 323.50 323.63 323.75 323.87 324.02 324.28 324.53 324.80 325.07 325.07 325.25 325.27 325.29 325.34 325.40 325.50 325.60 325.70 325.79 325.89 325.99 326.00 326.00 326.00 326.00 326.08 326.27 326.47 326.67 326.88
314.04 311.13 311.00 312.59 315.56 316.00 316.00 314.19 312.74 311.23 309.92 308.65 307.33 307.58 308.37 309.15 309.78 310.24 310.78 311.36 311.89 312.57 313.43 315.77 318.87 319.51 319.92 320.51 321.27 322.01 322.14 322.28 322.42 322.56 322.70 322.82 322.95 323.07 323.19 323.32 323.44 323.56 323.69 323.81 323.94 324.12 324.38 324.63 324.89 325.16 325.31 325.33 325.44 325.46 325.48 325.53 325.59 325.68 325.78 325.88 325.98 326.00 326.00 326.00 326.00 326.00 326.19 326.30 326.48 326.68 326.88
314.11 311.24 311.00 312.41 314.96 316.00 316.00 314.56 313.00 311.52 310.16 308.89 307.55 307.48 308.26 309.04 309.63 310.08 310.64 311.28 311.80 312.51 313.54 315.04 318.03 318.79 319.55 320.31 321.07 321.83 322.11 322.25 322.39 322.52 322.66 322.80 322.94 323.08 323.22 323.36 323.49 323.63 323.75 323.87 324.00 324.29 324.55 324.74 324.99 325.24 325.52 325.54 325.59 325.63 325.65 325.68 325.72 325.77 325.87 325.96 326.00 326.00 326.00 326.00 326.00 326.14 326.40 326.63 326.69 326.81 326.96
314.17 311.26 311.00 312.24 314.16 315.02 315.93 314.75 313.21 311.69 310.39 309.13 307.80 307.37 308.16 308.84 309.46 309.93 310.51 311.19 311.71 312.45 313.50 314.32 317.04 318.59 319.35 320.11 320.99 322.00 322.09 322.23 322.37 322.52 322.66 322.80 322.93 323.07 323.21 323.35 323.49 323.63 323.77 323.90 324.11 324.44 324.74 324.99 325.18 325.38 325.59 325.82 325.78 325.81 325.82 325.84 325.87 325.91 325.96 326.00 326.00 326.00 326.00 326.08 326.17 326.33 326.61 326.87 327.06 327.12 327.18
314.04 311.21 311.00 312.07 313.74 315.98 316.00 315.07 313.56 311.93 310.63 309.36 308.00 307.27 308.05 308.73 309.29 309.77 310.38 311.10 311.63 312.39 313.38 313.80 316.49 318.65 319.71 320.77 321.83 322.00 322.08 322.23 322.37 322.51 322.65 322.80 322.94 323.08 323.22 323.36 323.51 323.65 323.79 323.93 324.17 324.52 324.87 325.18 325.43 325.63 325.82 326.00 326.00 326.00 326.00 326.00 326.00 326.05 326.10 326.13 326.13 326.13 326.16 326.36 326.45 326.54 326.74 327.07 327.34 327.49 327.54
313.90 311.17 310.96 311.90 313.56 315.68 316.00 315.34 313.91 312.20 310.87 309.60 308.21 307.16 307.90 308.60 309.13 309.61 310.26 311.01 311.56 312.33 313.25 313.50 315.72 318.44 320.88 322.00 322.00 322.00 322.11 322.24 322.39 322.53 322.67 322.82 322.96 323.11 323.25 323.39 323.53 323.68 323.82 323.96 324.24 324.58 324.93 325.27 325.62 325.87 326.00 326.00 326.00 326.00 326.00 326.00 326.04 326.17 326.23 326.27 326.30 326.30 326.30 326.44 326.69 326.82 326.91 327.16 327.49 327.81 327.92
313.76 311.12 310.86 311.73 313.12 315.03 316.00 315.57 314.24 312.39 311.11 309.81 308.41 307.06 307.81 308.43 308.96 309.46 310.13 310.89 311.50 312.27 313.13 313.57 315.28 317.92 321.37 322.00 322.00 322.00 322.15 322.32 322.45 322.58 322.71 322.85 323.00 323.14 323.28 323.42 323.57 323.71 323.85 323.99 324.32 324.66 325.00 325.34 325.68 326.00 326.00 326.00 326.00 326.00 326.00 326.00 326.09 326.22 326.35 326.40 326.45 326.46 326.46 326.51 326.73 326.98 327.19 327.28 327.57 327.90 328.00
313.63 311.07 310.84 311.48 312.71 314.30 315.30 315.69 314.47 312.64 311.35 310.08 308.62 307.10 307.73 308.26 308.79 309.34 310.00 310.77 311.44 312.21 313.00 313.61 314.86 317.50 320.32 322.00 322.00 322.03 322.19 322.35 322.52 322.66 322.79 322.92 323.05 323.18 323.32 323.47 323.61 323.75 323.89 324.08 324.40 324.72 325.05 325.39 325.73 326.00 326.00 326.00 326.00 326.00 326.00 326.01 326.14 326.27 326.40 326.53 326.58 326.62 326.62 326.62 326.79 327.02 327.27 327.52 327.66 327.99 328.00
313.62 311.02 310.75 311.21 312.27 313.63 316.00 315.73 314.54 313.01 311.59 310.29 308.82 307.30 307.53 308.10 308.62 309.18 309.88 310.64 311.38 312.15 312.92 313.81 314.39 317.40 319.55 322.00 322.00 322.07 322.23 322.39 322.56 322.72 322.88 323.01 323.13 323.26 323.39 323.51 323.65 323.79 323.93 324.17 324.49 324.81 325.13 325.45 325.77 326.00 326.00 326.00 326.00 326.00 326.00 326.06 326.19 326.32 326.45 326.58 326.71 326.75 326.78 326.78 326.86 327.07 327.30 327.56 327.81 328.00 328.00
313.60 311.00 310.65 311.09 311.93 313.17 315.53 315.72 314.66 313.25 311.82 310.47 309.03 307.50 307.36 307.93 308.46 308.99 309.76 310.53 311.20 311.94 312.69 313.68 313.91 316.67 319.29 321.45 322.00 322.11 322.27 322.43 322.60 322.76 322.92 323.09 323.22 323.35 323.48 323.60 323.73 323.86 323.98 324.25 324.55 324.86 325.17 325.47 325.78 326.00 326.00 326.00 326.00 326.00 326.00 326.12 326.24 326.37 326.50 326.63 326.76 326.89 326.93 326.95 326.95 327.13 327.34 327.59 327.84 328.00 328.00
313.63 310.98 310.56 310.69 311.59 312.63 314.83 315.55 314.62 313.55 312.06 310.75 309.22 307.70 307.29 307.83 308.37 308.91 309.66 310.43 310.98 311.69 312.43 313.49 313.64 316.00 318.69 320.70 322.00 322.14 322.31 322.47 322.64 322.80 322.96 323.13 323.29 323.43 323.56 323.69 323.82 323.94 324.12 324.35 324.58 324.83 325.14 325.44 325.75 326.00 326.00 326.00 326.00 326.00 326.04 326.17 326.30 326.43 326.55 326.68 326.81 326.94 327.06 327.10 327.11 327.20 327.41 327.63 327.88 328.00 328.07
313.69 310.97 310.47 310.32 311.25 312.06 314.06 315.55 314.69 313.87 312.17 310.86 309.40 307.87 307.21 307.75 308.29 308.84 309.56 310.33 310.88 311.43 312.18 313.20 313.56 315.43 318.59 320.35 322.01 322.18 322.35 322.51 322.67 322.84 323.00 323.17 323.33 323.49 323.64 323.77 323.90 324.06 324.28 324.51 324.74 324.96 325.19 325.42 325.72 326.00 326.00 326.00 326.00 326.00 326.09 326.22 326.35 326.48 326.61 326.74 326.87 326.99 327.12 327.24 327.27 327.27 327.48 327.69 327.91 328.03 328.15
313.69 310.99 310.45 310.19 311.02 311.85 314.12 315.34 314.81 314.06 312.22 310.90 309.58 308.05 307.18 307.67 308.22 308.76 309.47 310.24 310.79 311.17 311.92 312.90 313.41 314.92 318.20 319.77 321.15 322.13 322.31 322.49 322.67 322.84 323.02 323.20 323.37 323.53 323.70 323.85 323.99 324.20 324.43 324.66 324.88 325.11 325.34 325.57 325.79 325.99 326.00 326.00 326.00 326.01 326.14 326.27 326.40 326.53 326.66 326.79 326.92 327.05 327.18 327.30 327.41 327.43 327.55 327.76 327.97 328.11 328.23
313.95 311.48 310.60 310.16 310.87 311.70 314.11 315.02 314.77 314.12 312.27 310.96 309.75 308.22 307.16 307.59 308.14 308.68 309.37 310.14 310.69 310.97 311.66 312.60 313.08 314.40 317.62 318.91 320.28 322.08 322.25 322.43 322.61 322.79 322.97 323.14 323.32 323.50 323.69 323.88 324.09 324.31 324.54 324.76 324.98 325.18 325.36 325.55 325.73 325.92 326.00 326.00 326.00 326.06 326.19 326.32 326.45 326.58 326.71 326.84 326.97 327.10 327.23 327.36 327.49 327.59 327.62 327.83 328.02 328.16 328.29
313.99 312.05 310.76 310.27 310.72 311.55 314.12 314.74 314.68 314.15 312.40 311.01 309.80 308.40 307.15 307.53 308.06 308.60 309.29 310.04 310.60 310.88 311.41 312.30 313.02 313.90 316.88 318.56 319.60 322.02 322.20 322.38 322.56 322.76 322.96 323.16 323.36 323.56 323.75 323.95 324.17 324.36 324.55 324.73 324.92 325.10 325.29 325.47 325.66 325.84 326.00 326.00 326.00 326.11 326.24 326.37 326.50 326.63 326.76 326.89 327.02 327.15 327.28 327.41 327.54 327.67 327.76 327.90 328.07 328.20 328.34
314.11 312.62 310.92 310.39 310.57 311.40 314.13 314.70 314.67 314.00 312.58 311.06 309.84 308.58 307.13 307.51 307.98 308.52 309.22 309.95 310.50 310.78 311.15 311.99 313.01 313.70 316.21 318.37 319.99 321.61 322.21 322.47 322.66 322.85 323.05 323.25 323.45 323.65 323.85 324.03 324.19 324.34 324.49 324.66 324.84 325.03 325.21 325.40 325.58 325.77 325.96 326.00 326.03 326.16 326.29 326.42 326.55 326.68 326.81 326.94 327.07 327.20 327.33 327.46 327.59 327.72 327.85 327.97 328.11 328.25 328.38
314.65 312.78 311.21 310.53 310.50 311.25 314.07 314.58 314.46 314.07 312.17 311.12 309.87 308.72 307.23 307.49 307.90 308.44 309.14 309.85 310.41 310.69 310.96 311.69 312.76 313.60 315.60 317.73 319.40 321.00 322.10 322.38 322.65 322.92 323.20 323.39 323.58 323.76 323.95 324.11 324.26 324.41 324.57 324.72 324.87 325.02 325.18 325.33 325.51 325.70 325.88 326.00 326.09 326.22 326.34 326.47 326.60 326.73 326.86 326.99 327.12 327.25 327.38 327.51 327.64 327.77 327.90 328.00 328.13 328.28 328.43
315.27 313.09 311.64 310.69 310.62 311.10 314.06 314.46 314.29 313.96 311.93 311.17 309.91 308.75 307.40 307.47 307.85 308.37 309.06 309.76 310.32 310.59 310.87 311.39 312.60 313.47 314.58 317.04 318.61 320.30 322.00 322.28 322.55 322.82 323.09 323.37 323.64 323.91 324.00 324.13 324.28 324.43 324.58 324.74 324.90 325.06 325.21 325.37 325.53 325.69 325.84 326.00 326.14 326.27 326.40 326.53 326.66 326.79 326.92 327.06 327.19 327.32 327.45 327.58 327.71 327.84 327.97 328.00 328.08 328.23 328.38
316.27 313.51 312.07 310.85 310.73 310.95 312.25 313.75 314.21 313.42 311.74 311.06 309.94 308.79 307.58 307.45 307.83 308.29 308.98 309.68 310.22 310.50 310.77 311.13 312.30 313.34 314.47 316.36 317.57 318.94 321.24 322.26 322.55 322.85 323.15 323.44 323.71 323.99 324.00 324.14 324.30 324.45 324.60 324.75 324.90 325.06 325.21 325.37 325.53 325.69 325.84 326.00 326.14 326.28 326.42 326.56 326.71 326.85 326.99 327.12 327.25 327.38 327.51 327.64 327.95 328.75 329.55 330.36 331.16 331.96 332.24
317.25 314.20 312.51 311.01 310.85 310.85 312.14 312.87 314.11 312.34 311.55 310.87 309.98 308.82 307.67 307.43 307.81 308.21 308.90 309.60 310.13 310.40 310.68 310.95 312.01 313.26 314.45 316.16 317.12 317.78 321.19 322.58 322.87 323.16 323.45 323.74 324.00 324.00 324.01 324.16 324.31 324.47 324.62 324.77 324.92 325.07 325.22 325.38 325.53 325.69 325.84 326.00 326.14 326.28 326.60 327.40 328.20 329.00 329.81 330.61 331.41 332.07 332.33 332.58 332.84 333.10 333.35 333.61 333.87 334.12 334.38
317.71 314.85 312.94 311.45 310.96 310.96 312.62 312.96 313.41 312.08 311.37 310.68 310.01 308.85 307.70 307.44 307.83 308.21 308.90 309.61 310.15 310.43 310.71 310.99 312.12 313.24 314.43 316.07 317.01 317.94 321.56 322.93 323.47 323.77 324.00 324.00 324.00 324.00 324.03 324.18 324.33 324.48 324.64 324.79 325.24 326.04 326.85 327.65 328.45 329.26 330.06 330.86 331.66 332.15 332.41 332.66 332.92 333.18 333.43 333.69 333.95 334.20 334.46 334.72 334.98 335.23 335.49 335.75 336.00 335.74 335.48
318.03 315.41 313.28 311.82 311.01 311.00 312.62 313.42 312.82 311.96 311.34 310.67 310.00 308.88 307.73 307.48 307.86 308.24 308.93 309.64 310.19 310.47 310.75 311.06 312.24 313.34 314.40 316.34 318.69 319.87 323.02 324.00 324.00 324.00 324.00 324.69 325.49 326.30 327.10 327.90 328.70 329.51 330.31 331.11 331.92 332.23 332.49 332.74 333.00 333.26 333.51 333.77 334.03 334.29 334.54 334.80 335.06 335.31 335.57 335.83 335.92 335.66 335.40 335.15 334.89 334.63 334.38 334.12 333.86 333.60 333.35
317.84 315.19 313.34 312.14 311.09 311.00 312.57 312.97 312.53 311.90 311.34 310.67 310.00 308.91 307.76 307.51 307.90 308.28 308.96 309.67 310.23 310.51 310.79 311.15 312.35 313.43 314.39 319.34 324.70 326.55 327.35 328.15 328.96 329.76 330.56 331.37 332.05 332.31 332.57 332.82 333.08 333.34 333.60 333.85 334.11 334.37 334.62 334.88 335.14 335.39 335.65 335.91 335.84 335.58 335.32 335.07 334.81 334.55 334.29 334.04 333.78 333.52 333.27 333.01 332.75 332.50 332.24 331.95 331.14 330.34 329.54
317.59 315.19 313.54 312.45 311.17 311.00 311.99 312.52 312.25 311.84 311.33 310.67 310.00 308.94 307.79 307.44 307.93 308.31 308.99 309.70 310.28 310.55 310.83 311.24 312.47 313.52 314.66 320.74 327.59 332.39 332.65 332.91 333.16 333.42 333.68 333.93 334.19 334.45 334.70 334.96 335.22 335.47 335.73 335.99 335.76 335.50 335.24 334.98 334.73 334.47 334.21 333.96 333.70 333.44 333.19 332.93 332.67 332.42 332.16 331.69 330.89 330.09 329.29 328.48 327.72 327.80 327.89 327.97 328.00 328.00 328.12
