test_files/stamping/rasterTestFiles/testRealDataStamping_base.asc
ncols 500
nrows 466
xllcorner 999527.4766217033612
yllcorner 14388512.4177337884903
cellsize 6.7224582965930
NODATA_value -999999
[rows 96 to 127 of 466, columns 213 to 283 of 500]
308.94 308.07 307.01 306.92 307.63 308.61 309.22 309.71 310.29 311.07 311.69 313.47 317.63 320.12 320.38 320.64 320.90 321.17 321.43 321.69 321.96 322.00 322.00 322.00 322.05 322.09 322.14 322.28 322.44 322.56 322.68 322.79 322.86 322.89 322.94 322.98 323.03 323.07 323.12 323.16 323.18 323.19 323.21 323.22 323.33 323.44 323.55 323.66 323.80 323.95 324.00 324.02 324.10 324.49 324.91 325.34 325.82 326.26 326.68 327.10 327.51 327.88 328.16 328.42 328.68 328.94 329.20 329.45 329.71 329.85 330.00
309.09 308.22 307.18 306.49 307.44 308.40 309.15 309.61 310.10 310.94 311.32 312.76 316.08 320.03 320.29 320.55 320.82 321.08 321.34 321.61 321.87 322.00 322.00 322.00 322.00 321.98 322.04 322.20 322.34 322.45 322.57 322.68 322.72 322.77 322.81 322.86 322.90 322.94 322.99 323.03 323.06 323.08 323.09 323.12 323.23 323.34 323.45 323.58 323.73 323.87 324.00 324.00 324.04 324.46 324.91 325.38 325.86 326.30 326.71 327.13 327.53 327.85 328.13 328.39 328.65 328.91 329.17 329.43 329.59 329.73 329.88
309.13 308.56 307.35 306.63 307.22 308.18 309.07 309.57 309.97 310.39 311.31 311.97 314.46 318.99 320.20 320.47 320.73 320.99 321.26 321.52 321.79 322.00 322.00 322.00 321.92 321.89 321.98 322.11 322.23 322.34 322.46 322.57 322.59 322.64 322.68 322.73 322.77 322.82 322.86 322.91 322.95 322.96 322.98 323.02 323.13 323.24 323.36 323.51 323.65 323.79 323.93 324.00 324.02 324.47 324.95 325.43 325.91 326.33 326.75 327.17 327.49 327.81 328.11 328.36 328.62 328.88 329.14 329.32 329.47 329.61 329.76
309.19 308.98 307.67 306.68 306.85 307.97 308.90 309.50 309.90 310.29 311.25 311.70 313.18 317.41 320.12 320.38 320.65 320.91 321.17 321.44 321.70 321.97 322.00 322.00 321.88 321.84 321.93 322.01 322.12 322.23 322.35 322.42 322.47 322.51 322.56 322.60 322.65 322.69 322.73 322.78 322.82 322.85 322.86 322.92 323.03 323.14 323.29 323.43 323.57 323.71 323.86 324.00 324.02 324.51 324.99 325.47 325.95 326.37 326.79 327.13 327.45 327.78 328.08 328.34 328.59 328.85 329.05 329.20 329.34 329.49 329.66
309.21 309.13 308.14 306.72 306.45 307.76 308.71 309.43 309.82 310.22 310.81 311.48 311.99 315.66 319.38 319.73 320.08 320.43 320.77 321.12 321.47 321.82 322.00 321.97 321.75 321.75 321.87 321.95 322.01 322.12 322.24 322.30 322.34 322.38 322.43 322.47 322.52 322.56 322.61 322.65 322.70 322.73 322.75 322.82 322.93 323.07 323.21 323.35 323.49 323.64 323.78 323.92 324.06 324.55 325.03 325.51 325.99 326.40 326.78 327.10 327.42 327.74 328.05 328.31 328.57 328.79 328.93 329.08 329.24 329.40 329.57
309.29 309.10 308.54 307.05 306.63 307.55 308.52 309.32 309.75 310.15 310.65 311.45 311.92 314.18 318.65 318.99 319.34 319.69 320.40 321.23 321.54 321.71 321.75 321.78 321.54 321.63 321.81 321.90 321.96 322.02 322.13 322.17 322.21 322.26 322.30 322.35 322.39 322.43 322.48 322.52 322.57 322.61 322.63 322.72 322.85 322.99 323.13 323.28 323.42 323.56 323.70 323.87 324.11 324.58 325.07 325.55 326.02 326.42 326.74 327.06 327.38 327.70 328.02 328.28 328.52 328.66 328.82 328.98 329.15 329.28 329.40
309.41 309.15 308.68 307.41 306.50 307.25 308.31 309.18 309.68 310.08 310.55 311.28 311.75 312.74 318.12 319.11 319.94 320.67 320.93 321.20 321.40 321.44 321.48 321.54 321.34 321.51 321.69 321.84 321.91 321.96 322.01 322.04 322.09 322.13 322.17 322.22 322.26 322.31 322.35 322.40 322.44 322.48 322.51 322.63 322.77 322.91 323.06 323.23 323.39 323.56 323.73 323.89 324.17 324.64 325.11 325.59 326.06 326.39 326.71 327.03 327.35 327.67 327.99 328.25 328.40 328.56 328.70 328.82 328.94 329.06 329.17
309.55 309.18 308.82 307.78 306.57 306.88 308.10 309.04 309.61 310.00 310.44 311.05 311.64 312.33 316.56 320.06 320.32 320.59 320.86 321.09 321.13 321.17 321.22 321.26 321.20 321.38 321.57 321.75 321.86 321.91 321.97 322.02 322.06 322.09 322.13 322.16 322.19 322.23 322.26 322.30 322.33 322.37 322.42 322.58 322.75 322.92 323.08 323.25 323.42 323.58 323.75 323.91 324.23 324.70 325.18 325.62 326.03 326.35 326.67 326.99 327.31 327.63 327.95 328.11 328.23 328.35 328.47 328.59 328.71 328.83 328.95
309.61 309.25 309.00 308.13 306.81 306.83 307.87 308.86 309.49 309.93 310.34 310.91 311.60 312.22 315.28 319.75 320.25 320.52 320.78 320.82 320.87 320.91 320.95 321.00 321.08 321.26 321.44 321.63 321.81 321.87 321.93 322.00 322.03 322.07 322.10 322.14 322.17 322.21 322.24 322.28 322.32 322.35 322.38 322.59 322.76 322.93 323.10 323.27 323.44 323.60 323.77 323.94 324.29 324.73 325.14 325.56 325.98 326.30 326.63 326.95 327.27 327.59 327.83 328.00 328.01 328.13 328.25 328.37 328.49 328.61 328.75
309.65 309.37 309.21 308.33 307.09 306.35 307.54 308.65 309.36 309.86 310.26 310.69 311.33 311.81 313.97 318.66 320.18 320.44 320.51 320.56 320.60 320.66 320.77 320.97 321.24 321.37 321.54 321.72 321.86 321.88 321.91 321.96 322.01 322.05 322.08 322.12 322.16 322.19 322.23 322.27 322.31 322.34 322.35 322.55 322.77 322.94 323.11 323.28 323.45 323.61 323.78 323.95 324.25 324.67 325.09 325.51 325.92 326.26 326.58 326.90 327.23 327.49 327.68 327.86 328.00 328.00 328.03 328.15 328.27 328.39 328.57
309.72 309.49 309.23 308.71 307.43 306.43 307.21 308.44 309.27 309.79 310.18 310.58 311.21 311.70 313.21 317.57 320.10 320.20 320.28 320.39 320.50 320.61 320.86 321.14 321.43 321.57 321.69 321.87 321.93 321.94 321.97 322.00 322.00 322.03 322.07 322.11 322.14 322.18 322.22 322.26 322.29 322.31 322.32 322.51 322.73 322.95 323.12 323.29 323.45 323.62 323.79 323.96 324.26 324.62 325.03 325.45 325.87 326.22 326.54 326.86 327.16 327.34 327.53 327.71 327.89 328.00 328.00 328.00 328.05 328.20 328.32
309.79 309.54 309.29 309.02 307.80 306.50 306.84 308.23 309.10 309.72 310.11 310.51 311.12 311.58 312.39 317.06 320.00 320.12 320.23 320.34 320.46 320.75 321.03 321.32 321.60 321.79 321.89 322.00 322.00 322.00 322.00 322.00 322.00 322.02 322.06 322.10 322.13 322.17 322.21 322.24 322.28 322.29 322.29 322.47 322.69 322.90 323.12 323.29 323.46 323.63 323.80 323.97 324.28 324.63 324.98 325.39 325.81 326.18 326.50 326.82 327.01 327.19 327.38 327.55 327.69 327.89 328.00 328.00 328.00 328.00 328.00
309.92 309.61 309.34 309.22 308.25 306.85 306.38 308.01 308.92 309.65 310.04 310.44 310.94 311.46 311.88 315.16 319.07 320.07 320.18 320.35 320.63 320.92 321.20 321.49 321.77 322.00 322.00 322.00 322.00 322.00 322.00 322.00 322.00 322.01 322.05 322.08 322.12 322.16 322.19 322.23 322.25 322.26 322.27 322.42 322.64 322.86 323.08 323.30 323.47 323.64 323.81 323.98 324.30 324.64 324.99 325.34 325.76 326.13 326.46 326.67 326.86 327.03 327.17 327.32 327.48 327.68 327.89 328.00 328.00 328.00 328.00
310.09 309.80 309.45 309.21 308.53 307.20 306.53 307.70 308.75 309.52 309.97 310.36 310.83 311.36 311.79 313.59 317.87 320.02 320.24 320.52 320.78 321.04 321.30 321.55 321.81 322.00 322.00 322.00 322.00 322.00 322.00 322.00 322.00 322.00 322.03 322.07 322.11 322.15 322.18 322.22 322.23 322.24 322.24 322.38 322.60 322.82 323.04 323.26 323.48 323.65 323.82 323.99 324.32 324.66 325.01 325.35 325.70 326.09 326.34 326.51 326.65 326.79 326.94 327.08 327.28 327.48 327.68 327.89 328.00 328.00 328.00
310.22 309.85 309.57 309.29 308.81 307.55 306.36 307.26 308.56 309.38 309.90 310.29 310.72 311.32 311.69 312.68 317.27 319.66 320.23 320.51 320.79 321.05 321.31 321.57 321.83 322.00 322.00 322.00 322.00 322.00 322.00 322.00 322.00 322.00 322.02 322.06 322.10 322.13 322.17 322.19 322.20 322.21 322.21 322.34 322.56 322.78 323.00 323.21 323.43 323.65 323.83 324.00 324.34 324.68 325.03 325.37 325.72 325.99 326.13 326.27 326.42 326.56 326.70 326.88 327.08 327.28 327.48 327.68 327.89 328.00 328.00
311.03 309.97 309.70 309.35 308.96 307.90 306.59 306.81 308.32 309.23 309.82 310.22 310.62 311.19 311.59 312.52 316.56 319.14 320.16 320.44 320.72 321.00 321.28 321.56 321.84 322.00 322.00 322.00 322.00 322.00 322.00 322.00 322.00 322.00 322.01 322.05 322.08 322.12 322.16 322.16 322.17 322.18 322.19 322.30 322.52 322.73 322.95 323.17 323.39 323.61 323.83 324.01 324.35 324.70 325.04 325.38 325.67 325.79 325.91 326.04 326.18 326.33 326.47 326.67 326.88 327.08 327.28 327.48 327.68 327.89 328.00
311.56 310.02 309.77 309.44 309.10 308.19 306.90 306.73 307.99 309.07 309.69 310.15 310.54 311.09 311.51 312.57 315.06 318.49 320.09 320.37 320.65 320.93 321.21 321.49 321.75 321.91 322.00 322.00 322.00 322.00 322.00 322.00 322.00 322.00 322.00 322.03 322.07 322.11 322.13 322.14 322.15 322.16 322.16 322.25 322.47 322.69 322.91 323.13 323.35 323.57 323.78 324.02 324.36 324.70 325.03 325.35 325.47 325.59 325.71 325.83 325.96 326.09 326.27 326.47 326.67 326.88 327.08 327.28 327.48 327.68 327.89
312.08 310.02 309.84 309.54 309.33 308.51 307.23 306.21 307.66 308.90 309.55 310.08 310.47 310.86 311.39 312.29 313.68 317.00 320.02 320.30 320.58 320.86 321.14 321.42 321.59 321.74 321.89 322.00 322.00 322.00 322.00 322.00 322.00 322.00 322.00 322.02 322.06 322.09 322.10 322.11 322.12 322.13 322.13 322.21 322.43 322.65 322.87 323.09 323.30 323.52 323.76 324.02 324.36 324.69 325.02 325.15 325.27 325.39 325.51 325.64 325.77 325.98 326.07 326.27 326.47 326.67 326.88 327.08 327.28 327.52 327.75
312.40 310.14 309.89 309.65 309.40 308.75 307.56 306.45 307.23 308.64 309.49 310.01 310.40 310.79 311.39 312.10 313.38 316.93 319.46 320.23 320.51 320.79 321.07 321.27 321.42 321.57 321.72 321.87 322.00 322.00 322.00 322.00 322.00 322.00 322.00 322.01 322.05 322.07 322.08 322.09 322.10 322.11 322.11 322.17 322.39 322.61 322.82 323.04 323.26 323.51 323.76 324.02 324.34 324.67 324.83 324.95 325.07 325.19 325.38 325.59 325.80 326.00 326.00 326.07 326.27 326.47 326.69 326.93 327.17 327.40 327.64
311.88 310.52 309.92 309.73 309.47 309.03 307.97 306.64 306.82 308.47 309.32 309.94 310.33 310.72 311.38 311.97 313.09 315.73 318.88 320.16 320.44 320.72 320.96 321.11 321.26 321.41 321.56 321.70 321.84 321.89 321.95 322.00 322.00 322.00 322.00 322.00 322.03 322.04 322.05 322.06 322.07 322.08 322.08 322.13 322.34 322.56 322.78 323.01 323.26 323.52 323.80 324.00 324.33 324.51 324.63 324.78 324.99 325.20 325.41 325.62 325.83 326.00 326.00 326.00 326.12 326.35 326.59 326.82 327.06 327.30 327.53
311.32 310.55 309.99 309.87 309.54 309.28 308.29 306.97 306.42 308.11 309.14 309.87 310.26 310.65 311.11 311.90 312.97 314.54 318.38 320.09 320.37 320.64 320.79 320.94 321.09 321.24 321.38 321.53 321.67 321.72 321.77 321.82 321.97 321.92 321.96 321.99 322.01 322.02 322.03 322.03 322.04 322.05 322.05 322.08 322.30 322.52 322.75 323.01 323.29 323.57 323.86 324.00 324.19 324.39 324.60 324.81 325.02 325.23 325.44 325.65 325.86 326.00 326.00 326.00 326.20 326.41 326.63 326.84 327.06 327.30 327.53
311.71 310.77 310.10 309.92 309.63 309.24 308.53 307.31 306.56 307.65 308.97 309.74 310.19 310.58 310.97 311.90 312.85 314.61 318.33 320.02 320.30 320.47 320.62 320.77 320.92 321.06 321.21 321.35 321.49 321.54 321.60 321.80 321.97 321.83 321.81 321.84 321.89 321.94 321.99 322.01 322.02 322.03 322.03 322.04 322.26 322.50 322.78 323.06 323.34 323.63 323.91 324.02 324.22 324.42 324.63 324.84 325.05 325.26 325.47 325.68 325.89 326.00 326.00 326.11 326.32 326.52 326.72 326.93 327.13 327.35 327.56
311.91 310.85 310.19 309.93 309.73 309.45 308.78 307.66 306.56 307.19 308.79 309.58 310.12 310.51 310.90 311.87 312.73 314.68 317.65 319.70 320.16 320.30 320.45 320.59 320.74 320.89 321.03 321.18 321.32 321.37 321.54 321.80 321.97 321.83 321.69 321.70 321.74 321.80 321.85 321.90 321.95 321.99 322.00 322.00 322.27 322.55 322.83 323.11 323.39 323.67 323.95 324.08 324.28 324.48 324.67 324.87 325.08 325.29 325.50 325.70 325.91 326.00 326.05 326.25 326.45 326.66 326.86 327.05 327.25 327.45 327.64
312.27 310.92 310.26 309.95 309.85 309.55 309.02 308.00 306.76 307.03 308.53 309.42 310.05 310.44 310.83 311.48 312.60 314.75 316.58 318.94 319.52 319.80 320.08 320.36 320.57 320.71 320.86 321.00 321.14 321.28 321.54 321.80 321.97 321.83 321.69 321.56 321.60 321.65 321.72 321.79 321.87 321.92 321.97 322.06 322.38 322.63 322.89 323.14 323.40 323.68 323.96 324.14 324.34 324.54 324.73 324.93 325.13 325.33 325.52 325.73 325.94 326.00 326.06 326.26 326.46 326.65 326.85 327.05 327.24 327.44 327.62
312.48 311.04 310.40 310.05 309.94 309.64 309.13 308.27 307.06 306.93 308.07 309.26 309.98 310.37 310.76 311.15 312.48 314.31 314.95 318.30 318.60 318.88 319.16 319.44 319.72 320.02 320.35 320.68 321.05 321.28 321.54 321.80 321.97 321.83 321.69 321.58 321.59 321.68 321.77 321.86 321.95 321.98 321.98 322.13 322.45 322.77 323.02 323.28 323.53 323.78 324.02 324.17 324.34 324.54 324.74 324.94 325.14 325.35 325.55 325.75 325.95 326.00 326.06 326.25 326.45 326.65 326.84 327.04 327.23 327.38 327.54
312.55 311.17 310.51 310.08 309.97 309.73 309.42 308.51 307.37 306.92 307.62 309.09 309.83 310.30 310.69 311.08 312.22 313.60 314.86 317.57 318.29 318.62 318.95 319.28 319.60 319.92 320.26 320.96 321.25 321.37 321.54 321.80 321.97 321.83 321.74 321.70 321.70 321.76 321.85 321.94 322.00 322.00 322.08 322.22 322.52 322.84 323.16 323.41 323.67 323.92 324.10 324.24 324.39 324.53 324.68 324.85 325.05 325.25 325.46 325.66 325.86 326.00 326.05 326.25 326.44 326.64 326.84 326.99 327.14 327.30 327.47
312.62 311.30 310.62 310.09 309.99 309.83 309.55 308.76 307.70 306.91 307.40 308.83 309.52 310.16 310.72 311.03 311.77 313.30 314.78 316.74 318.21 318.53 318.84 319.16 319.47 320.50 320.86 321.16 321.45 321.58 321.70 321.81 321.97 321.89 321.86 321.82 321.82 321.84 321.92 322.00 322.03 322.17 322.30 322.44 322.63 322.94 323.23 323.55 323.80 324.03 324.18 324.32 324.47 324.61 324.75 324.90 325.04 325.19 325.36 325.57 325.77 325.97 326.04 326.24 326.44 326.61 326.76 326.91 327.06 327.23 327.41
312.70 311.43 310.73 310.25 310.01 309.96 309.73 308.90 307.70 307.06 307.23 308.35 309.11 310.00 310.72 311.08 311.32 312.78 314.11 316.21 318.08 318.40 318.71 319.35 320.47 320.77 321.06 321.35 321.65 321.79 321.91 322.00 322.00 322.00 321.98 321.94 321.94 321.96 322.00 322.11 322.25 322.38 322.52 322.65 322.79 323.05 323.37 323.65 323.94 324.11 324.26 324.40 324.54 324.69 324.83 324.98 325.12 325.26 325.41 325.55 325.70 325.88 326.04 326.22 326.37 326.52 326.67 326.82 326.99 327.17 327.35
312.84 311.53 310.75 310.42 310.74 310.92 310.27 309.19 307.64 307.36 307.10 308.08 308.73 309.50 310.56 311.03 311.02 312.63 313.53 315.31 317.65 318.27 319.60 320.38 320.67 320.96 321.26 321.55 321.84 322.00 322.00 322.00 322.00 322.00 322.00 322.00 322.11 322.14 322.18 322.25 322.46 322.60 322.74 322.87 323.00 323.14 323.47 323.80 324.04 324.19 324.33 324.47 324.62 324.76 324.91 325.05 325.19 325.33 325.48 325.62 325.76 325.88 325.99 326.13 326.28 326.44 326.59 326.75 326.93 327.11 327.28
313.09 311.39 310.60 310.50 311.35 311.85 310.73 309.30 308.01 307.67 307.01 307.71 308.35 309.00 310.26 311.00 311.00 312.32 313.38 315.08 317.29 319.84 320.28 320.46 320.57 320.69 320.81 321.30 321.84 322.00 322.00 322.00 322.00 322.00 322.00 322.06 322.18 322.33 322.38 322.41 322.50 322.70 322.92 323.09 323.22 323.36 323.56 323.89 324.10 324.24 324.38 324.52 324.66 324.80 324.94 325.09 325.22 325.36 325.50 325.60 325.71 325.82 325.93 326.05 326.20 326.35 326.51 326.69 326.87 327.04 327.22
313.33 311.21 310.68 311.05 312.44 312.00 310.98 309.36 307.64 307.87 307.57 307.50 308.18 308.87 310.00 311.00 311.00 312.01 313.22 314.90 317.00 318.68 318.80 319.13 319.67 320.20 320.74 321.27 321.81 322.00 322.00 322.00 322.00 322.00 322.00 322.12 322.25 322.37 322.52 322.61 322.65 322.75 322.95 323.16 323.37 323.57 323.71 323.98 324.13 324.27 324.41 324.55 324.69 324.83 324.97 325.11 325.22 325.33 325.43 325.54 325.65 325.76 325.87 325.97 326.11 326.27 326.45 326.62 326.80 326.98 327.16
313.73 311.14 311.11 312.18 313.62 313.00 311.28 309.72 308.07 307.88 307.76 307.37 308.05 308.75 309.75 310.86 311.00 311.70 313.06 313.75 315.51 317.94 318.53 319.08 319.62 320.16 320.70 321.24 321.78 322.00 322.00 322.00 322.00 322.00 322.06 322.19 322.31 322.43 322.56 322.71 322.85 322.89 323.00 323.19 323.40 323.61 323.82 324.02 324.16 324.30 324.44 324.57 324.71 324.84 324.94 325.05 325.16 325.27 325.37 325.48 325.59 325.70 325.80 325.91 326.03 326.21 326.38 326.56 326.74 326.91 327.09
