test_files/stamping/rasterTestFiles/testRealDataStamping_base.asc
ncols 500
nrows 466
xllcorner 999527.4766217033612
yllcorner 14388512.4177337884903
cellsize 6.7224582965930
NODATA_value -999999
[rows 64 to 95 of 466, columns 426 to 496 of 500]
369.10 367.84 366.83 365.84 364.80 363.76 362.72 361.68 360.63 358.74 355.95 353.14 350.37 348.77 347.32 345.88 344.44 343.00 341.56 340.00 340.00 340.00 340.00 340.00 340.00 340.00 340.00 340.00 340.00 340.00 340.00 340.00 340.00 340.00 340.00 340.00 340.00 340.00 340.00 340.00 340.00 340.00 340.00 340.00 340.00 340.00 340.00 340.00 340.00 340.00 340.00 340.00 338.86 -999999.00 -999999.00 -999999.00 -999999.00 -999999.00 -999999.00 -999999.00 -999999.00 -999999.00 -999999.00 -999999.00 -999999.00 -999999.00 -999999.00 -999999.00 -999999.00 -999999.00 -999999.00
369.10 367.84 366.57 365.31 364.13 363.15 362.18 361.20 360.21 357.36 354.30 351.51 349.48 348.35 347.16 345.86 344.42 342.98 341.54 340.10 340.00 340.00 340.00 340.00 340.00 340.00 340.00 340.00 340.00 340.00 340.00 340.00 340.00 340.00 340.00 340.00 340.00 340.00 340.00 340.00 340.00 340.00 340.00 340.00 340.00 340.00 340.00 340.00 340.00 339.39 337.88 336.37 334.85 -999999.00 -999999.00 -999999.00 -999999.00 -999999.00 -999999.00 -999999.00 -999999.00 -999999.00 -999999.00 -999999.00 -999999.00 -999999.00 -999999.00 -999999.00 -999999.00 -999999.00 -999999.00
368.90 367.61 366.41 365.22 364.02 362.77 361.51 360.45 358.52 355.76 352.70 349.95 348.81 347.67 346.54 345.47 344.22 342.97 341.72 340.30 340.00 340.00 340.00 340.00 340.00 340.00 340.00 340.00 340.00 340.00 340.00 340.00 340.00 340.00 340.00 340.00 340.00 340.00 340.00 340.00 340.00 340.00 340.00 340.00 340.00 340.00 339.68 338.21 336.80 335.70 334.68 332.91 330.84 -999999.00 -999999.00 -999999.00 -999999.00 -999999.00 -999999.00 -999999.00 -999999.00 -999999.00 -999999.00 -999999.00 -999999.00 -999999.00 -999999.00 -999999.00 -999999.00 -999999.00 -999999.00
368.80 367.34 365.88 364.65 363.45 362.26 361.06 359.74 357.49 354.55 351.53 349.31 348.14 347.00 345.86 344.73 343.70 342.53 341.28 340.03 340.00 340.00 340.00 340.00 340.00 340.00 340.00 340.00 340.00 340.00 340.00 340.00 340.00 340.00 340.00 340.00 340.00 340.00 340.00 340.00 340.00 340.00 340.00 339.97 338.62 337.39 336.16 334.21 332.77 331.75 330.74 329.72 328.70 -999999.00 -999999.00 -999999.00 -999999.00 -999999.00 -999999.00 -999999.00 -999999.00 -999999.00 -999999.00 -999999.00 -999999.00 -999999.00 -999999.00 -999999.00 -999999.00 -999999.00 -999999.00
368.69 367.24 365.78 364.32 362.89 361.69 360.49 358.68 356.42 354.16 351.53 349.31 347.91 346.51 345.19 344.06 342.92 341.88 340.83 340.00 340.00 340.00 340.00 340.00 340.00 340.00 340.00 340.00 340.00 340.00 340.00 340.00 340.00 340.00 340.00 340.00 340.00 340.00 340.00 340.00 340.00 339.55 337.97 336.64 335.29 333.88 332.56 330.61 329.71 329.19 328.67 328.14 328.00 333.77 -999999.00 -999999.00 -999999.00 -999999.00 -999999.00 -999999.00 -999999.00 -999999.00 -999999.00 -999999.00 -999999.00 -999999.00 -999999.00 -999999.00 -999999.00 -999999.00 -999999.00
368.59 367.13 365.67 364.22 362.76 361.30 359.86 357.61 355.39 353.19 350.98 349.23 347.85 346.51 345.11 343.71 342.31 341.11 340.07 340.00 340.00 340.00 340.00 340.00 340.00 340.00 340.00 340.00 340.00 340.00 340.00 340.00 340.00 340.00 340.00 340.00 340.00 340.00 340.00 339.91 338.18 336.44 334.83 333.31 331.96 330.55 329.62 328.34 328.00 328.26 328.04 328.00 328.00 336.13 -999999.00 -999999.00 -999999.00 -999999.00 -999999.00 -999999.00 -999999.00 -999999.00 -999999.00 -999999.00 -999999.00 -999999.00 -999999.00 -999999.00 -999999.00 -999999.00 -999999.00
368.09 366.62 365.14 363.66 362.19 360.71 358.95 356.93 354.91 352.72 350.51 348.93 347.54 346.15 344.76 343.37 341.98 340.64 340.00 340.00 340.00 340.00 340.00 340.00 340.00 340.00 340.00 340.00 340.00 340.00 340.00 340.00 340.00 340.00 340.00 340.00 340.00 340.00 338.40 336.77 335.06 333.33 331.73 330.18 329.73 329.12 328.52 328.00 328.00 328.00 328.00 328.00 328.00 338.48 -999999.00 -999999.00 -999999.00 -999999.00 -999999.00 -999999.00 -999999.00 -999999.00 -999999.00 -999999.00 -999999.00 -999999.00 -999999.00 -999999.00 -999999.00 -999999.00 -999999.00
367.31 365.94 364.47 363.00 361.52 360.04 358.12 356.27 354.19 352.12 350.05 348.64 347.25 345.87 344.48 343.18 342.06 340.73 340.00 340.00 340.00 340.00 340.00 340.00 340.00 340.00 340.00 340.00 340.00 340.00 340.00 340.00 340.00 340.00 340.00 340.00 338.83 336.90 335.04 333.49 331.84 330.19 330.00 330.00 329.56 328.95 328.49 328.37 328.24 328.12 328.00 328.00 328.00 340.21 -999999.00 -999999.00 -999999.00 -999999.00 -999999.00 -999999.00 -999999.00 -999999.00 -999999.00 -999999.00 -999999.00 -999999.00 -999999.00 -999999.00 -999999.00 -999999.00 -999999.00
366.47 365.17 363.79 362.33 360.86 359.18 357.24 355.32 353.51 351.69 349.76 348.39 347.05 345.63 344.20 343.00 341.94 340.90 340.00 340.00 340.00 340.00 340.00 340.00 340.00 340.00 340.00 340.00 340.00 340.00 340.00 340.00 340.00 340.00 339.49 337.42 335.41 333.47 331.71 330.17 330.00 330.00 330.00 329.99 329.39 329.01 328.76 328.64 328.51 328.38 328.26 328.13 328.00 336.33 -999999.00 -999999.00 -999999.00 -999999.00 -999999.00 -999999.00 -999999.00 -999999.00 -999999.00 -999999.00 -999999.00 -999999.00 -999999.00 -999999.00 -999999.00 -999999.00 -999999.00
365.57 364.33 363.03 361.64 360.18 358.30 356.36 354.42 352.52 350.71 349.13 347.70 346.33 345.27 344.21 343.15 342.09 341.10 340.10 340.00 340.00 340.00 340.00 340.00 340.00 340.00 340.00 340.00 340.00 340.00 340.00 340.00 340.00 338.43 336.36 334.29 332.22 330.15 330.00 330.00 330.00 330.00 330.00 329.84 329.46 329.16 329.03 328.90 328.78 328.65 328.52 328.34 328.14 332.46 -999999.00 -999999.00 -999999.00 -999999.00 -999999.00 -999999.00 -999999.00 -999999.00 -999999.00 -999999.00 -999999.00 -999999.00 -999999.00 -999999.00 -999999.00 -999999.00 -999999.00
364.63 363.38 362.13 360.89 359.33 357.40 355.46 353.53 351.60 349.78 348.59 347.53 346.47 345.42 344.36 343.30 342.29 341.29 340.30 340.00 340.00 340.00 340.00 340.00 340.00 340.00 340.00 340.00 340.00 340.00 340.00 339.52 337.30 335.18 333.20 331.17 330.00 330.00 330.00 330.00 330.00 330.00 330.00 329.81 329.55 329.42 329.29 329.11 328.91 328.71 328.51 328.31 328.11 328.58 -999999.00 -999999.00 -999999.00 -999999.00 -999999.00 -999999.00 -999999.00 -999999.00 -999999.00 -999999.00 -999999.00 -999999.00 -999999.00 -999999.00 -999999.00 -999999.00 -999999.00
363.83 362.44 361.19 360.00 358.38 356.35 354.42 352.49 350.55 349.80 348.74 347.68 346.62 345.56 344.51 343.47 342.48 341.49 340.50 340.00 340.00 340.00 340.00 340.00 340.00 340.00 340.00 340.00 340.00 340.00 338.74 336.27 334.04 331.90 330.00 330.00 330.00 330.00 330.00 330.00 330.00 330.00 330.00 329.88 329.68 329.48 329.28 329.07 328.87 328.67 328.47 328.27 328.07 328.30 -999999.00 -999999.00 -999999.00 -999999.00 -999999.00 -999999.00 -999999.00 -999999.00 -999999.00 -999999.00 -999999.00 -999999.00 -999999.00 -999999.00 -999999.00 -999999.00 -999999.00
363.06 361.59 360.25 359.72 357.62 355.33 353.33 351.40 350.00 349.95 348.89 347.83 346.77 345.71 344.66 343.67 342.68 341.69 340.70 340.00 340.00 340.00 340.00 340.00 340.00 340.00 340.00 340.00 339.87 337.96 336.05 334.14 331.49 330.00 330.00 330.00 330.00 330.00 330.00 330.00 330.00 330.00 330.00 329.82 329.64 329.44 329.24 329.04 328.84 328.64 328.44 328.23 328.03 328.38 -999999.00 -999999.00 -999999.00 -999999.00 -999999.00 -999999.00 -999999.00 -999999.00 -999999.00 -999999.00 -999999.00 -999999.00 -999999.00 -999999.00 -999999.00 -999999.00 -999999.00
361.83 360.42 359.10 357.79 356.39 354.45 352.28 350.31 350.00 350.00 349.04 347.98 346.92 345.86 344.86 343.87 342.88 341.89 340.90 340.00 340.00 340.00 340.00 340.00 340.00 340.00 340.00 339.01 337.11 335.22 333.32 331.43 330.00 330.00 330.00 330.00 330.00 330.00 330.00 330.00 330.00 330.00 329.93 329.76 329.58 329.40 329.20 329.00 328.80 328.60 328.40 328.20 328.01 328.46 333.83 -999999.00 -999999.00 -999999.00 -999999.00 -999999.00 -999999.00 -999999.00 -999999.00 -999999.00 -999999.00 -999999.00 -999999.00 -999999.00 -999999.00 -999999.00 -999999.00
361.56 360.05 358.08 356.03 354.79 353.00 351.06 350.00 350.00 350.00 349.19 348.13 347.07 346.05 345.06 344.07 343.08 342.09 341.10 340.11 340.00 340.00 340.00 340.00 340.00 340.00 338.59 336.94 335.28 333.77 332.71 331.65 330.58 330.00 330.00 330.00 330.00 330.00 330.00 330.00 330.00 330.00 329.84 329.69 329.51 329.33 329.15 328.97 328.77 328.56 328.36 328.16 328.09 328.54 336.19 -999999.00 -999999.00 -999999.00 -999999.00 -999999.00 -999999.00 -999999.00 -999999.00 -999999.00 -999999.00 -999999.00 -999999.00 -999999.00 -999999.00 -999999.00 -999999.00
361.62 360.18 357.66 355.00 352.95 351.43 350.00 350.00 350.00 350.00 349.34 348.28 347.24 346.25 345.26 344.27 343.28 342.29 341.29 340.30 340.00 340.00 340.00 340.00 340.00 338.48 337.40 336.34 335.28 334.22 333.15 332.09 331.03 330.00 330.00 330.00 330.00 330.00 330.00 330.00 330.00 329.90 329.72 329.55 329.40 329.25 329.09 328.91 328.73 328.53 328.33 328.13 328.17 328.62 338.54 -999999.00 -999999.00 -999999.00 -999999.00 -999999.00 -999999.00 -999999.00 -999999.00 -999999.00 -999999.00 -999999.00 -999999.00 -999999.00 -999999.00 -999999.00 -999999.00
361.12 359.36 356.20 354.16 351.98 350.00 350.00 350.00 350.00 350.00 349.49 348.43 347.44 346.45 345.46 344.47 343.47 342.48 341.49 340.50 340.00 340.00 340.00 339.99 339.53 338.91 337.85 336.78 335.72 334.66 333.60 332.53 331.47 330.41 330.00 330.00 330.00 330.00 330.00 330.00 329.97 329.79 329.61 329.43 329.26 329.11 328.96 328.82 328.66 328.48 328.29 328.09 328.25 328.70 340.90 -999999.00 -999999.00 -999999.00 -999999.00 -999999.00 -999999.00 -999999.00 -999999.00 -999999.00 -999999.00 -999999.00 -999999.00 -999999.00 -999999.00 -999999.00 -999999.00
360.62 357.98 354.25 351.72 350.00 350.00 350.00 350.00 350.00 350.00 349.64 348.63 347.64 346.65 345.65 344.66 343.67 342.68 341.69 340.70 340.00 340.00 339.92 339.46 339.01 338.55 338.09 337.23 336.16 335.10 334.04 332.98 331.91 330.85 330.00 330.00 330.00 330.00 330.00 330.00 329.85 329.64 329.49 329.32 329.14 328.97 328.82 328.68 328.53 328.38 328.23 328.05 328.33 328.78 338.27 -999999.00 -999999.00 -999999.00 -999999.00 -999999.00 -999999.00 -999999.00 -999999.00 -999999.00 -999999.00 -999999.00 -999999.00 -999999.00 -999999.00 -999999.00 -999999.00
359.67 356.77 353.25 350.00 350.00 350.00 350.00 350.00 350.00 350.00 349.80 348.67 347.80 346.84 345.85 344.86 343.87 342.88 341.89 340.90 340.00 339.92 339.44 338.96 338.49 338.03 337.58 337.12 336.47 335.54 334.48 333.42 332.36 331.30 330.23 330.00 330.00 330.00 330.00 329.93 329.72 329.52 329.32 329.18 329.02 328.84 328.69 328.54 328.39 328.24 328.09 327.96 328.41 328.86 334.39 -999999.00 -999999.00 -999999.00 -999999.00 -999999.00 -999999.00 -999999.00 -999999.00 -999999.00 -999999.00 -999999.00 -999999.00 -999999.00 -999999.00 -999999.00 -999999.00
357.80 354.90 351.99 350.00 350.00 350.00 350.00 350.00 350.00 350.00 350.00 348.70 347.67 346.40 345.12 344.17 343.30 342.42 341.55 340.68 339.92 339.44 338.96 338.48 338.01 337.53 337.06 336.60 336.15 335.60 334.86 333.86 332.80 331.74 330.68 330.00 330.00 330.00 329.99 329.79 329.59 329.40 329.19 329.00 328.87 328.73 328.55 328.40 328.25 328.10 328.00 327.87 328.49 328.94 330.51 -999999.00 -999999.00 -999999.00 -999999.00 -999999.00 -999999.00 -999999.00 -999999.00 -999999.00 -999999.00 -999999.00 -999999.00 -999999.00 -999999.00 -999999.00 -999999.00
356.81 354.37 352.04 350.51 350.00 350.00 350.00 350.00 350.00 350.00 350.00 348.93 347.10 345.65 344.64 343.63 342.62 341.60 340.53 339.86 339.51 339.16 338.68 338.12 337.53 337.05 336.57 336.10 335.63 335.17 334.71 333.99 333.24 332.18 331.12 330.06 330.00 330.00 329.85 329.65 329.45 329.26 329.07 328.87 328.69 328.56 328.42 328.26 328.11 328.00 327.91 327.88 328.57 329.02 329.54 -999999.00 -999999.00 -999999.00 -999999.00 -999999.00 -999999.00 -999999.00 -999999.00 -999999.00 -999999.00 -999999.00 -999999.00 -999999.00 -999999.00 -999999.00 -999999.00
356.21 354.67 353.14 351.61 350.07 350.00 350.00 350.00 350.00 350.00 350.00 349.40 347.58 345.75 343.93 342.60 341.59 340.58 339.84 339.46 339.10 338.75 338.40 337.90 337.39 336.84 336.20 335.62 335.14 334.66 334.19 333.74 333.12 332.38 331.56 330.50 330.00 329.93 329.72 329.51 329.31 329.10 328.92 328.74 328.54 328.38 328.25 328.11 328.00 327.99 327.79 327.89 328.65 329.10 329.55 -999999.00 -999999.00 -999999.00 -999999.00 -999999.00 -999999.00 -999999.00 -999999.00 -999999.00 -999999.00 -999999.00 -999999.00 -999999.00 -999999.00 -999999.00 -999999.00
357.31 355.77 354.24 352.71 351.17 350.00 350.00 350.00 350.00 350.00 350.00 349.88 348.06 346.23 344.41 342.58 340.76 339.83 339.46 339.08 338.70 338.34 337.99 337.63 337.13 336.61 336.09 335.56 334.92 334.28 333.71 333.23 332.76 332.25 331.51 330.77 330.00 329.81 329.60 329.38 329.17 328.97 328.76 328.58 328.40 328.22 328.07 328.00 328.00 327.86 327.67 327.90 328.73 329.18 329.63 -999999.00 -999999.00 -999999.00 -999999.00 -999999.00 -999999.00 -999999.00 -999999.00 -999999.00 -999999.00 -999999.00 -999999.00 -999999.00 -999999.00 -999999.00 -999999.00
357.95 356.87 355.34 353.80 352.27 350.74 350.00 350.00 350.00 350.00 350.00 350.00 348.45 345.84 343.42 341.33 340.00 339.56 339.07 338.70 338.32 337.94 337.58 337.22 336.87 336.35 335.83 335.32 334.80 334.28 333.64 333.00 332.35 331.80 331.33 330.64 329.97 329.73 329.49 329.26 329.05 328.83 328.63 328.43 328.25 328.07 328.00 328.00 327.89 327.74 327.54 327.91 328.81 329.26 329.71 336.25 -999999.00 -999999.00 -999999.00 -999999.00 -999999.00 -999999.00 -999999.00 -999999.00 -999999.00 -999999.00 -999999.00 -999999.00 -999999.00 -999999.00 -999999.00
357.46 356.80 356.14 354.90 353.37 351.83 350.30 350.00 350.00 350.00 350.00 349.41 347.29 344.72 342.05 340.00 339.89 339.39 338.88 338.37 337.94 337.56 337.19 336.81 336.46 336.09 335.58 335.06 334.54 334.03 333.51 332.99 332.35 331.71 331.07 330.43 329.93 329.69 329.45 329.22 328.98 328.75 328.51 328.29 328.09 328.00 328.00 327.90 327.77 327.62 327.42 327.92 328.89 329.34 329.79 338.60 -999999.00 -999999.00 -999999.00 -999999.00 -999999.00 -999999.00 -999999.00 -999999.00 -999999.00 -999999.00 -999999.00 -999999.00 -999999.00 -999999.00 -999999.00
357.06 356.32 355.66 354.99 354.33 352.93 351.40 350.00 350.00 350.00 350.00 347.85 345.23 343.04 340.41 340.00 339.72 339.21 338.70 338.20 337.69 337.18 336.80 336.43 336.05 335.70 335.32 334.80 334.28 333.77 333.25 332.73 332.22 331.70 331.07 330.43 329.91 329.62 329.37 329.14 328.90 328.67 328.44 328.20 328.00 328.00 327.91 327.78 327.65 327.50 327.30 327.92 328.73 329.42 329.87 340.96 -999999.00 -999999.00 -999999.00 -999999.00 -999999.00 -999999.00 -999999.00 -999999.00 -999999.00 -999999.00 -999999.00 -999999.00 -999999.00 -999999.00 -999999.00
356.75 356.07 355.34 354.60 353.85 353.19 352.50 350.96 350.00 350.00 348.84 346.67 344.51 342.14 340.00 340.00 339.54 339.04 338.53 338.02 337.51 337.01 336.50 336.04 335.67 335.29 334.93 334.54 334.03 333.51 332.99 332.48 331.96 331.44 330.92 330.41 329.91 329.62 329.34 329.05 328.81 328.58 328.34 328.11 328.00 327.93 327.79 327.66 327.53 327.37 327.25 327.93 328.62 329.51 329.96 340.21 -999999.00 -999999.00 -999999.00 -999999.00 -999999.00 -999999.00 -999999.00 -999999.00 -999999.00 -999999.00 -999999.00 -999999.00 -999999.00 -999999.00 -999999.00
356.44 355.71 355.03 354.35 353.62 352.88 352.13 351.39 350.53 349.92 347.74 345.56 343.39 341.39 340.00 339.87 339.37 338.86 338.35 337.85 337.34 336.83 336.32 335.82 335.31 334.91 334.53 334.17 333.77 333.25 332.73 332.22 331.70 331.18 330.67 330.15 329.90 329.62 329.34 329.05 328.77 328.49 328.25 328.02 327.94 327.81 327.67 327.54 327.41 327.25 327.26 327.94 328.63 329.59 330.04 336.33 -999999.00 -999999.00 -999999.00 -999999.00 -999999.00 -999999.00 -999999.00 -999999.00 -999999.00 -999999.00 -999999.00 -999999.00 -999999.00 -999999.00 -999999.00
356.31 355.53 354.78 354.04 353.31 352.64 351.91 351.16 350.42 349.14 347.41 345.40 343.39 341.39 340.00 339.70 339.19 338.68 338.18 337.67 337.16 336.66 336.15 335.64 335.14 334.63 334.15 333.77 333.41 332.99 332.48 331.96 331.44 330.92 330.41 330.00 329.89 329.60 329.32 329.04 328.76 328.48 328.20 327.95 327.82 327.69 327.55 327.42 327.29 327.13 327.26 327.95 328.64 329.67 330.12 332.45 -999999.00 -999999.00 -999999.00 -999999.00 -999999.00 -999999.00 -999999.00 -999999.00 -999999.00 -999999.00 -999999.00 -999999.00 -999999.00 -999999.00 -999999.00
356.22 355.44 354.65 353.87 353.12 352.38 351.64 350.92 350.19 348.55 346.60 344.82 343.20 341.39 339.96 339.47 338.99 338.50 338.01 337.50 336.99 336.48 335.97 335.47 334.96 334.45 333.95 333.44 333.02 332.65 332.22 331.70 331.18 330.67 330.15 330.00 329.87 329.59 329.29 328.98 328.68 328.37 328.07 327.85 327.70 327.57 327.43 327.30 327.17 327.00 327.27 327.96 328.65 329.75 330.20 330.95 -999999.00 -999999.00 -999999.00 -999999.00 -999999.00 -999999.00 -999999.00 -999999.00 -999999.00 -999999.00 -999999.00 -999999.00 -999999.00 -999999.00 -999999.00
356.13 355.35 354.56 353.78 352.99 352.21 351.46 350.72 349.96 347.98 346.01 344.06 342.21 340.59 339.78 339.28 338.77 338.27 337.78 337.30 336.81 336.33 335.84 335.30 334.78 334.28 333.77 333.26 332.76 332.26 331.88 331.44 330.93 330.41 330.00 330.00 329.82 329.45 329.15 328.84 328.54 328.23 327.95 327.76 327.58 327.45 327.32 327.18 327.05 326.88 327.28 327.97 328.66 329.83 330.28 330.82 -999999.00 -999999.00 -999999.00 -999999.00 -999999.00 -999999.00 -999999.00 -999999.00 -999999.00 -999999.00 -999999.00 -999999.00 -999999.00 -999999.00 -999999.00
356.05 355.26 354.47 353.69 352.90 352.12 351.33 350.55 349.47 347.49 345.51 343.54 341.58 340.00 339.66 339.16 338.65 338.14 337.64 337.13 336.62 336.12 335.61 335.13 334.64 334.15 333.65 333.10 332.58 332.07 331.57 331.12 330.67 330.15 330.00 330.00 329.80 329.42 329.03 328.71 328.40 328.10 327.87 327.67 327.47 327.33 327.20 327.06 326.93 326.76 327.29 327.98 328.66 329.91 330.36 330.81 -999999.00 -999999.00 -999999.00 -999999.00 -999999.00 -999999.00 -999999.00 -999999.00 -999999.00 -999999.00 -999999.00 -999999.00 -999999.00 -999999.00 -999999.00
