test_files/stamping/rasterTestFiles/testGuidebank_base.asc
ncols 90
nrows 81
xllcorner -21.5000000000000
yllcorner -12.5000000000000
cellsize 1.0000000000000
NODATA_value -9999999.0000000000000
[rows 27 to 53 of 81, columns 0 to 61 of 90]
-9999999.00 -9999999.00 -9999999.00 -9999999.00 -9999999.00 -9999999.00 -9999999.00 -9999999.00 -9999999.00 -9999999.00 -9999999.00 -9999999.00 -9999999.00 -9999999.00 -9999999.00 -9999999.00 -9999999.00 -9999999.00 -9999999.00 -9999999.00 -9999999.00 -9999999.00 -9999999.00 -9999999.00 -9999999.00 -9999999.00 -9999999.00 -9999999.00 -9999999.00 -9999999.00 -9999999.00 -9999999.00 -9999999.00 -9999999.00 -9999999.00 -9999999.00 -9999999.00 -9999999.00 -9999999.00 -9999999.00 -9999999.00 -9999999.00 -9999999.00 -9999999.00 -9999999.00 -9999999.00 -9999999.00 -9999999.00 -9999999.00 -9999999.00 10.74 11.60 12.46 13.33 14.20 15.00 15.00 15.00 15.00 15.00 15.00 15.00
-9999999.00 -9999999.00 -9999999.00 -9999999.00 -9999999.00 -9999999.00 -9999999.00 -9999999.00 -9999999.00 -9999999.00 -9999999.00 -9999999.00 -9999999.00 -9999999.00 -9999999.00 -9999999.00 -9999999.00 -9999999.00 -9999999.00 -9999999.00 -9999999.00 -9999999.00 -9999999.00 -9999999.00 -9999999.00 -9999999.00 -9999999.00 -9999999.00 -9999999.00 -9999999.00 -9999999.00 -9999999.00 -9999999.00 -9999999.00 -9999999.00 -9999999.00 -9999999.00 -9999999.00 -9999999.00 -9999999.00 -9999999.00 -9999999.00 -9999999.00 -9999999.00 -9999999.00 -9999999.00 -9999999.00 -9999999.00 -9999999.00 10.75 11.60 12.46 13.33 14.20 15.00 15.00 15.00 15.00 15.00 15.00 15.00 15.00
-9999999.00 -9999999.00 -9999999.00 -9999999.00 -9999999.00 -9999999.00 -9999999.00 10.01 10.39 10.63 10.77 10.75 10.59 10.31 -9999999.00 -9999999.00 -9999999.00 -9999999.00 -9999999.00 -9999999.00 -9999999.00 -9999999.00 -9999999.00 -9999999.00 -9999999.00 -9999999.00 -9999999.00 -9999999.00 -9999999.00 -9999999.00 -9999999.00 -9999999.00 -9999999.00 -9999999.00 -9999999.00 -9999999.00 -9999999.00 -9999999.00 -9999999.00 -9999999.00 -9999999.00 -9999999.00 -9999999.00 -9999999.00 -9999999.00 -9999999.00 -9999999.00 -9999999.00 10.75 11.60 12.46 13.33 14.20 15.00 15.00 15.00 15.00 15.00 15.00 15.00 15.00 15.00
-9999999.00 -9999999.00 -9999999.00 -9999999.00 -9999999.00 -9999999.00 10.40 10.89 11.37 11.61 11.78 11.76 11.56 11.28 10.78 10.26 -9999999.00 -9999999.00 -9999999.00 -9999999.00 -9999999.00 -9999999.00 -9999999.00 -9999999.00 -9999999.00 -9999999.00 -9999999.00 -9999999.00 -9999999.00 -9999999.00 -9999999.00 -9999999.00 -9999999.00 -9999999.00 -9999999.00 -9999999.00 -9999999.00 -9999999.00 -9999999.00 -9999999.00 -9999999.00 -9999999.00 -9999999.00 -9999999.00 -9999999.00 -9999999.00 -9999999.00 10.76 11.60 12.46 13.33 14.20 15.00 15.00 15.00 15.00 15.00 15.00 15.00 15.00 15.00 15.00
-9999999.00 -9999999.00 -9999999.00 -9999999.00 -9999999.00 10.46 11.16 11.77 12.26 12.59 12.78 12.76 12.53 12.17 11.65 11.03 10.30 -9999999.00 -9999999.00 -9999999.00 -9999999.00 -9999999.00 -9999999.00 -9999999.00 -9999999.00 -9999999.00 -9999999.00 -9999999.00 -9999999.00 -9999999.00 -9999999.00 -9999999.00 -9999999.00 -9999999.00 -9999999.00 -9999999.00 -9999999.00 -9999999.00 -9999999.00 -9999999.00 -9999999.00 -9999999.00 -9999999.00 -9999999.00 -9999999.00 -9999999.00 10.76 11.60 12.46 13.33 14.20 15.00 15.00 15.00 15.00 15.00 15.00 15.00 15.00 15.00 15.00 15.00
-9999999.00 -9999999.00 -9999999.00 -9999999.00 10.38 11.18 11.89 12.59 13.14 13.57 13.79 13.77 13.50 13.03 12.46 11.73 11.00 10.13 -9999999.00 -9999999.00 -9999999.00 -9999999.00 -9999999.00 -9999999.00 -9999999.00 -9999999.00 -9999999.00 -9999999.00 -9999999.00 -9999999.00 -9999999.00 -9999999.00 -9999999.00 -9999999.00 -9999999.00 -9999999.00 -9999999.00 -9999999.00 -9999999.00 -9999999.00 -9999999.00 -9999999.00 -9999999.00 -9999999.00 -9999999.00 10.77 11.60 12.46 13.33 14.20 15.00 15.00 15.00 15.00 15.00 15.00 15.00 15.00 15.00 15.00 15.00 15.00
-9999999.00 -9999999.00 -9999999.00 10.20 11.00 11.79 12.58 13.32 14.01 14.51 14.79 14.75 14.42 13.88 13.15 12.38 11.50 10.62 -9999999.00 -9999999.00 -9999999.00 -9999999.00 -9999999.00 -9999999.00 -9999999.00 -9999999.00 -9999999.00 -9999999.00 -9999999.00 -9999999.00 -9999999.00 -9999999.00 -9999999.00 -9999999.00 -9999999.00 -9999999.00 -9999999.00 -9999999.00 -9999999.00 -9999999.00 -9999999.00 -9999999.00 -9999999.00 -9999999.00 10.77 11.60 12.46 13.33 14.20 15.00 15.00 15.00 15.00 15.00 15.00 15.00 15.00 15.00 15.00 15.00 15.00 15.00
-9999999.00 -9999999.00 -9999999.00 10.72 11.61 12.40 13.20 13.98 14.74 15.00 15.00 15.00 15.00 14.58 13.75 12.87 11.98 11.00 10.02 -9999999.00 -9999999.00 -9999999.00 -9999999.00 -9999999.00 -9999999.00 -9999999.00 -9999999.00 -9999999.00 -9999999.00 -9999999.00 -9999999.00 -9999999.00 -9999999.00 -9999999.00 -9999999.00 -9999999.00 -9999999.00 -9999999.00 -9999999.00 -9999999.00 -9999999.00 -9999999.00 -9999999.00 10.78 11.61 12.46 13.33 14.20 15.00 15.00 15.00 15.00 15.00 15.00 15.00 15.00 15.00 15.00 15.00 15.00 15.00 15.00
-9999999.00 -9999999.00 10.27 11.17 12.07 12.97 13.81 14.60 15.00 15.00 15.00 15.00 15.00 15.00 14.18 13.20 12.22 11.25 10.27 -9999999.00 -9999999.00 -9999999.00 -9999999.00 -9999999.00 -9999999.00 -9999999.00 -9999999.00 -9999999.00 -9999999.00 -9999999.00 -9999999.00 -9999999.00 -9999999.00 -9999999.00 -9999999.00 -9999999.00 -9999999.00 -9999999.00 -9999999.00 -9999999.00 -9999999.00 -9999999.00 10.78 11.61 12.46 13.33 14.20 15.00 15.00 15.00 15.00 15.00 15.00 15.00 15.00 15.00 15.00 15.00 15.00 15.00 15.00 15.00
-9999999.00 -9999999.00 10.72 11.62 12.52 13.42 14.32 15.00 15.00 15.00 15.00 15.00 15.00 15.00 14.37 13.36 12.35 11.34 10.33 -9999999.00 -9999999.00 -9999999.00 -9999999.00 -9999999.00 -9999999.00 -9999999.00 -9999999.00 -9999999.00 -9999999.00 -9999999.00 -9999999.00 -9999999.00 -9999999.00 -9999999.00 -9999999.00 -9999999.00 -9999999.00 -9999999.00 -9999999.00 -9999999.00 -9999999.00 10.79 11.62 12.46 13.33 14.20 15.00 15.00 15.00 15.00 15.00 15.00 15.00 15.00 15.00 15.00 15.00 15.00 15.00 15.00 15.00 14.23
-9999999.00 10.12 11.09 12.06 12.96 13.87 14.77 15.00 15.00 15.00 15.00 15.00 15.00 15.00 14.28 13.31 12.33 11.32 10.31 -9999999.00 -9999999.00 -9999999.00 -9999999.00 -9999999.00 -9999999.00 -9999999.00 -9999999.00 -9999999.00 -9999999.00 -9999999.00 -9999999.00 -9999999.00 -9999999.00 -9999999.00 -9999999.00 -9999999.00 -9999999.00 -9999999.00 -9999999.00 -9999999.00 10.79 11.62 12.46 13.33 14.20 15.00 15.00 15.00 15.00 15.00 15.00 15.00 15.00 15.00 15.00 15.00 15.00 15.00 15.00 15.00 14.23 13.39
-9999999.00 10.38 11.35 12.32 13.29 14.26 15.00 15.00 15.00 15.00 15.00 15.00 15.00 14.80 13.94 13.03 12.06 11.09 10.12 -9999999.00 -9999999.00 -9999999.00 -9999999.00 -9999999.00 -9999999.00 -9999999.00 -9999999.00 -9999999.00 -9999999.00 -9999999.00 -9999999.00 -9999999.00 -9999999.00 -9999999.00 -9999999.00 -9999999.00 -9999999.00 -9999999.00 -9999999.00 10.80 11.63 12.46 13.33 14.20 15.00 15.00 15.00 15.00 15.00 15.00 15.00 15.00 15.00 15.00 15.00 15.00 15.00 15.00 15.00 14.23 13.39 12.53
-9999999.00 10.64 11.61 12.58 13.55 14.52 15.00 15.00 15.00 15.00 15.00 15.00 14.97 14.19 13.42 12.55 11.69 10.81 -9999999.00 -9999999.00 -9999999.00 -9999999.00 -9999999.00 -9999999.00 -9999999.00 -9999999.00 -9999999.00 -9999999.00 -9999999.00 -9999999.00 -9999999.00 -9999999.00 -9999999.00 -9999999.00 -9999999.00 -9999999.00 -9999999.00 -9999999.00 10.80 11.63 12.46 13.33 14.20 15.00 15.00 15.00 15.00 15.00 15.00 15.00 15.00 15.00 15.00 15.00 15.00 15.00 15.00 15.00 14.23 13.40 12.53 11.67
-9999999.00 10.85 11.85 12.84 13.81 14.78 15.00 15.00 15.00 15.00 15.00 15.00 14.49 13.59 12.77 12.01 11.17 10.30 -9999999.00 -9999999.00 -9999999.00 -9999999.00 -9999999.00 -9999999.00 -9999999.00 -9999999.00 -9999999.00 -9999999.00 -9999999.00 -9999999.00 -9999999.00 -9999999.00 -9999999.00 -9999999.00 -9999999.00 -9999999.00 -9999999.00 10.81 11.64 12.46 13.33 14.20 15.00 15.00 15.00 15.00 15.00 15.00 15.00 15.00 15.00 15.00 15.00 15.00 15.00 15.00 15.00 14.23 13.40 12.54 11.67 10.81
-9999999.00 10.93 11.93 12.93 13.93 14.93 15.00 15.00 15.00 15.00 15.00 15.00 14.17 13.20 12.24 11.35 10.60 -9999999.00 -9999999.00 -9999999.00 -9999999.00 -9999999.00 -9999999.00 -9999999.00 -9999999.00 -9999999.00 -9999999.00 -9999999.00 -9999999.00 -9999999.00 -9999999.00 -9999999.00 -9999999.00 -9999999.00 -9999999.00 -9999999.00 10.81 11.64 12.47 13.33 14.20 15.00 15.00 15.00 15.00 15.00 15.00 15.00 15.00 15.00 15.00 15.00 15.00 15.00 15.00 15.00 14.23 13.40 12.54 11.67 10.81 -9999999.00
10.02 11.02 12.02 13.02 14.02 15.00 15.00 15.00 15.00 15.00 15.00 14.98 13.98 12.98 11.98 11.00 10.03 -9999999.00 -9999999.00 -9999999.00 -9999999.00 -9999999.00 -9999999.00 -9999999.00 -9999999.00 -9999999.00 -9999999.00 -9999999.00 -9999999.00 -9999999.00 -9999999.00 -9999999.00 -9999999.00 -9999999.00 -9999999.00 10.82 11.65 12.47 13.33 14.20 15.00 15.00 15.00 15.00 15.00 15.00 15.00 15.00 15.00 15.00 15.00 15.00 15.00 15.00 15.00 14.23 13.40 12.54 11.68 10.81 -9999999.00 -9999999.00
10.10 11.10 12.10 13.10 14.10 15.00 15.00 15.00 15.00 15.00 15.00 14.90 13.90 12.90 11.90 10.90 -9999999.00 -9999999.00 -9999999.00 -9999999.00 -9999999.00 -9999999.00 -9999999.00 -9999999.00 -9999999.00 -9999999.00 -9999999.00 -9999999.00 -9999999.00 -9999999.00 -9999999.00 -9999999.00 -9999999.00 -9999999.00 10.83 11.65 12.48 13.33 14.20 15.00 15.00 15.00 15.00 15.00 15.00 15.00 15.00 15.00 15.00 15.00 15.00 15.00 15.00 15.00 14.23 13.40 12.55 11.68 10.82 -9999999.00 -9999999.00 -9999999.00
10.04 11.04 12.04 13.04 14.04 15.00 15.00 15.00 15.00 15.00 15.00 14.95 13.95 12.95 11.95 10.95 -9999999.00 -9999999.00 -9999999.00 -9999999.00 -9999999.00 -9999999.00 -9999999.00 -9999999.00 -9999999.00 -9999999.00 -9999999.00 -9999999.00 -9999999.00 -9999999.00 -9999999.00 -9999999.00 10.00 10.83 11.66 12.48 13.33 14.20 15.00 15.00 15.00 15.00 15.00 15.00 15.00 15.00 15.00 15.00 15.00 15.00 15.00 15.00 15.00 14.23 13.40 12.55 11.68 10.82 -9999999.00 -9999999.00 -9999999.00 -9999999.00
-9999999.00 10.97 11.97 12.97 13.97 14.97 15.00 15.00 15.00 15.00 15.00 15.00 14.03 13.04 12.06 11.08 10.10 -9999999.00 -9999999.00 -9999999.00 -9999999.00 -9999999.00 -9999999.00 -9999999.00 -9999999.00 -9999999.00 -9999999.00 -9999999.00 -9999999.00 -9999999.00 -9999999.00 10.01 10.84 11.66 12.49 13.33 14.20 15.00 15.00 15.00 15.00 15.00 15.00 15.00 15.00 15.00 15.00 15.00 15.00 15.00 15.00 15.00 14.23 13.40 12.55 11.69 10.82 -9999999.00 -9999999.00 -9999999.00 -9999999.00 -9999999.00
-9999999.00 10.90 11.90 12.90 13.90 14.90 15.00 15.00 15.00 15.00 15.00 15.00 14.23 13.25 12.27 11.29 10.31 -9999999.00 -9999999.00 -9999999.00 -9999999.00 -9999999.00 -9999999.00 -9999999.00 -9999999.00 -9999999.00 -9999999.00 -9999999.00 -9999999.00 -9999999.00 10.01 10.84 11.67 12.49 13.33 14.20 15.00 15.00 15.00 15.00 15.00 15.00 15.00 15.00 15.00 15.00 15.00 15.00 15.00 15.00 15.00 14.23 13.40 12.56 11.69 10.83 -9999999.00 -9999999.00 -9999999.00 -9999999.00 -9999999.00 -9999999.00
-9999999.00 10.78 11.76 12.74 13.72 14.70 15.00 15.00 15.00 15.00 15.00 15.00 14.44 13.46 12.48 11.52 10.58 -9999999.00 -9999999.00 -9999999.00 -9999999.00 -9999999.00 -9999999.00 -9999999.00 -9999999.00 -9999999.00 -9999999.00 -9999999.00 -9999999.00 10.02 10.85 11.67 12.50 13.33 14.20 15.00 15.00 15.00 15.00 15.00 15.00 15.00 15.00 15.00 15.00 15.00 15.00 15.00 15.00 15.00 14.23 13.40 12.56 11.69 10.83 -9999999.00 -9999999.00 -9999999.00 -9999999.00 -9999999.00 -9999999.00 -9999999.00
-9999999.00 10.57 11.55 12.53 13.51 14.49 15.00 15.00 15.00 15.00 15.00 15.00 14.69 13.74 12.80 11.86 10.91 -9999999.00 -9999999.00 -9999999.00 -9999999.00 -9999999.00 -9999999.00 -9999999.00 -9999999.00 -9999999.00 -9999999.00 -9999999.00 10.02 10.85 11.68 12.50 13.33 14.20 15.00 15.00 15.00 15.00 15.00 15.00 15.00 15.00 15.00 15.00 15.00 15.00 15.00 15.00 15.00 14.23 13.40 12.56 11.70 10.83 -9999999.00 -9999999.00 -9999999.00 -9999999.00 -9999999.00 -9999999.00 -9999999.00 -9999999.00
-9999999.00 10.36 11.34 12.32 13.30 14.28 15.00 15.00 15.00 15.00 15.00 15.00 15.00 14.08 13.13 12.19 11.25 10.30 -9999999.00 -9999999.00 -9999999.00 -9999999.00 -9999999.00 -9999999.00 -9999999.00 -9999999.00 -9999999.00 10.03 10.86 11.68 12.51 13.34 14.20 15.00 15.00 15.00 15.00 15.00 15.00 15.00 15.00 15.00 15.00 15.00 15.00 15.00 15.00 15.00 14.23 13.40 12.56 11.70 10.84 -9999999.00 -9999999.00 -9999999.00 -9999999.00 -9999999.00 -9999999.00 -9999999.00 -9999999.00 -9999999.00
-9999999.00 10.15 11.13 12.11 13.09 14.03 14.98 15.00 15.00 15.00 15.00 15.00 15.00 14.41 13.47 12.53 11.61 10.72 -9999999.00 -9999999.00 -9999999.00 -9999999.00 -9999999.00 -9999999.00 -9999999.00 -9999999.00 10.03 10.86 11.69 12.51 13.34 14.20 15.00 15.00 15.00 15.00 15.00 15.00 15.00 15.00 15.00 15.00 15.00 15.00 15.00 15.00 15.00 14.23 13.40 12.56 11.70 10.84 -9999999.00 -9999999.00 -9999999.00 -9999999.00 -9999999.00 -9999999.00 -9999999.00 -9999999.00 -9999999.00 -9999999.00
-9999999.00 -9999999.00 10.86 11.81 12.75 13.70 14.64 15.00 15.00 15.00 15.00 15.00 15.00 14.75 13.85 12.96 12.06 11.17 10.27 -9999999.00 -9999999.00 -9999999.00 -9999999.00 -9999999.00 -9999999.00 10.04 10.87 11.69 12.52 13.35 14.20 15.00 15.00 15.00 15.00 15.00 15.00 15.00 15.00 15.00 15.00 15.00 15.00 15.00 15.00 15.00 14.23 13.40 12.56 11.71 10.84 -9999999.00 -9999999.00 -9999999.00 -9999999.00 -9999999.00 -9999999.00 -9999999.00 -9999999.00 -9999999.00 -9999999.00 -9999999.00
-9999999.00 -9999999.00 10.53 11.47 12.42 13.36 14.30 15.00 15.00 15.00 15.00 15.00 15.00 15.00 14.30 13.41 12.51 11.61 10.72 -9999999.00 -9999999.00 -9999999.00 -9999999.00 -9999999.00 10.04 10.87 11.70 12.53 13.35 14.20 15.00 15.00 15.00 15.00 15.00 15.00 15.00 15.00 15.00 15.00 15.00 15.00 15.00 15.00 15.00 14.23 13.40 12.56 11.71 10.85 -9999999.00 -9999999.00 -9999999.00 -9999999.00 -9999999.00 -9999999.00 -9999999.00 -9999999.00 -9999999.00 -9999999.00 -9999999.00 -9999999.00
-9999999.00 -9999999.00 10.19 11.14 12.08 13.02 13.97 14.91 15.00 15.00 15.00 15.00 15.00 15.00 14.76 13.86 12.96 12.07 11.17 10.25 -9999999.00 -9999999.00 -9999999.00 10.05 10.88 11.70 12.53 13.36 14.20 15.00 15.00 15.00 15.00 15.00 15.00 15.00 15.00 15.00 15.00 15.00 15.00 15.00 15.00 15.00 14.23 13.40 12.56 11.71 10.85 -9999999.00 -9999999.00 -9999999.00 -9999999.00 -9999999.00 -9999999.00 -9999999.00 -9999999.00 -9999999.00 -9999999.00 -9999999.00 -9999999.00 -9999999.00
