test_files/stamping/rasterTestFiles/testRealDataStamping_base.asc
ncols 500
nrows 466
xllcorner 999527.4766217033612
yllcorner 14388512.4177337884903
cellsize 6.7224582965930
NODATA_value -999999
[rows 224 to 255 of 466, columns 284 to 354 of 500]
324.85 324.89 324.94 324.98 325.04 325.11 325.17 325.24 325.30 325.37 325.43 325.50 325.57 325.63 325.70 325.76 325.83 325.90 325.96 326.00 326.00 326.06 326.22 326.38 326.53 326.67 326.81 326.95 327.09 327.24 327.38 327.52 327.59 327.78 327.96 328.39 328.86 329.26 329.59 329.92 330.23 330.59 330.95 331.32 331.68 332.05 332.49 332.82 333.22 333.62 334.00 334.00 334.20 335.03 335.72 336.30 336.75 337.21 337.71 338.52 339.11 339.67 340.47 341.63 342.41 343.12 343.80 344.00 344.00 344.00 344.00
324.79 324.83 324.87 324.92 324.99 325.06 325.12 325.19 325.25 325.32 325.39 325.45 325.52 325.58 325.65 325.72 325.78 325.85 325.91 325.98 326.00 326.02 326.16 326.30 326.44 326.58 326.72 326.86 327.01 327.15 327.29 327.38 327.49 327.68 327.87 328.13 328.61 328.99 329.33 329.71 330.19 330.67 331.04 331.40 331.77 332.17 332.63 333.10 333.37 333.69 334.00 334.00 334.68 335.54 336.14 336.47 336.92 337.38 337.84 338.33 338.83 339.34 339.87 340.97 342.14 342.82 343.31 343.95 344.00 344.00 344.00
324.72 324.76 324.81 324.88 324.94 325.01 325.07 325.14 325.20 325.27 325.34 325.40 325.47 325.53 325.60 325.67 325.73 325.80 325.86 325.93 326.00 326.00 326.07 326.21 326.35 326.49 326.63 326.78 326.92 327.06 327.18 327.23 327.39 327.58 327.77 327.95 328.35 328.73 329.10 329.57 330.04 330.52 331.00 331.49 331.85 332.28 332.74 333.21 333.68 334.00 334.36 334.76 335.40 336.09 336.42 336.75 337.08 337.42 337.84 338.33 338.82 339.27 339.70 340.29 341.66 342.19 342.74 343.13 343.57 343.82 343.97
324.71 324.75 324.78 324.85 324.92 324.99 325.05 325.12 325.19 325.26 325.33 325.40 325.46 325.53 325.59 325.66 325.72 325.79 325.86 325.92 325.99 326.00 326.00 326.12 326.26 326.40 326.55 326.69 326.83 326.97 327.03 327.10 327.29 327.48 327.67 327.85 328.10 328.49 328.95 329.42 329.89 330.37 330.85 331.34 331.84 332.33 332.81 333.30 333.76 334.23 334.79 335.36 335.92 336.30 336.63 336.95 337.27 337.59 337.86 338.21 338.65 339.10 339.48 339.87 340.91 341.37 341.71 342.10 342.67 342.92 343.43
324.70 324.73 324.75 324.82 324.88 324.95 325.02 325.09 325.16 325.23 325.30 325.37 325.44 325.51 325.58 325.64 325.71 325.78 325.85 325.92 325.98 326.00 326.00 326.03 326.17 326.32 326.46 326.60 326.74 326.82 326.88 327.01 327.19 327.38 327.57 327.75 327.93 328.33 328.81 329.28 329.74 330.22 330.73 331.25 331.77 332.27 332.75 333.19 333.64 334.24 334.93 335.49 336.04 336.36 336.68 336.96 337.23 337.49 337.76 338.04 338.49 338.89 339.27 339.66 340.10 340.68 341.30 341.61 341.92 342.54 343.06
324.69 324.69 324.71 324.78 324.85 324.92 324.99 325.06 325.13 325.20 325.27 325.34 325.41 325.47 325.54 325.61 325.68 325.75 325.82 325.89 325.96 326.00 326.00 326.00 326.09 326.23 326.37 326.51 326.62 326.67 326.73 326.91 327.09 327.28 327.47 327.63 327.82 328.09 328.57 329.05 329.53 330.14 330.67 331.19 331.71 332.12 332.56 332.99 333.53 334.09 334.79 335.48 336.06 336.33 336.60 336.86 337.13 337.39 337.66 337.92 338.29 338.68 339.06 339.45 339.89 340.48 340.85 341.30 341.76 342.27 342.61
324.66 324.66 324.68 324.75 324.82 324.89 324.96 325.03 325.10 325.17 325.24 325.30 325.37 325.44 325.51 325.58 325.65 325.72 325.79 325.86 325.92 325.97 326.00 326.00 326.00 326.14 326.28 326.41 326.47 326.52 326.62 326.81 326.99 327.18 327.32 327.49 327.71 327.93 328.34 328.82 329.43 330.08 330.60 331.13 331.56 331.93 332.35 332.86 333.41 333.96 334.64 335.35 336.03 336.29 336.56 336.82 337.08 337.33 337.57 337.80 338.08 338.47 338.85 339.29 339.75 340.22 340.69 341.16 341.63 341.88 342.17
324.62 324.62 324.65 324.72 324.79 324.86 324.93 325.00 325.07 325.13 325.20 325.27 325.34 325.41 325.48 325.55 325.62 325.69 325.76 325.82 325.86 325.91 325.96 326.00 326.00 326.05 326.19 326.26 326.32 326.37 326.52 326.71 326.87 327.01 327.16 327.38 327.60 327.83 328.10 328.68 329.36 330.02 330.54 331.02 331.39 331.76 332.19 332.75 333.30 333.85 334.51 335.24 335.97 336.25 336.49 336.73 336.97 337.19 337.40 337.66 337.92 338.26 338.68 339.11 339.58 340.12 340.59 341.07 341.34 341.57 341.87
324.59 324.58 324.62 324.69 324.76 324.83 324.90 324.96 325.03 325.10 325.17 325.24 325.31 325.38 325.45 325.52 325.59 325.66 325.72 325.76 325.80 325.84 325.89 325.93 325.97 326.00 326.06 326.11 326.17 326.23 326.42 326.57 326.71 326.85 327.05 327.27 327.49 327.72 327.95 328.60 329.28 329.95 330.48 330.85 331.21 331.55 331.80 332.14 332.73 333.45 334.16 334.83 335.50 336.12 336.36 336.59 336.82 337.01 337.26 337.52 337.78 338.05 338.45 338.90 339.46 340.03 340.50 340.80 341.08 341.37 341.67
324.55 324.54 324.59 324.66 324.73 324.79 324.86 324.93 325.00 325.07 325.14 325.21 325.28 325.35 325.42 325.49 325.56 325.62 325.66 325.70 325.74 325.78 325.83 325.87 325.90 325.93 325.97 326.00 326.02 326.12 326.26 326.40 326.54 326.71 326.94 327.16 327.36 327.58 327.87 328.39 329.13 329.86 330.30 330.66 331.01 331.27 331.52 331.78 332.20 333.03 333.66 334.23 334.93 335.95 336.21 336.43 336.62 336.86 337.12 337.36 337.59 337.87 338.21 338.78 339.35 339.91 340.28 340.58 340.88 341.18 341.47
324.51 324.51 324.56 324.62 324.69 324.76 324.83 324.90 324.97 325.04 325.11 325.18 325.25 325.32 325.39 325.45 325.51 325.55 325.59 325.63 325.67 325.72 325.77 325.80 325.84 325.87 325.91 325.94 325.98 326.00 326.10 326.24 326.38 326.60 326.81 326.99 327.22 327.50 327.79 328.18 328.91 329.56 330.11 330.47 330.73 330.98 331.23 331.49 331.90 332.62 333.21 333.72 334.37 335.32 336.05 336.24 336.46 336.70 336.89 337.15 337.42 337.77 338.21 338.81 339.38 339.95 340.16 340.46 340.77 341.07 341.37
324.47 324.47 324.52 324.59 324.66 324.73 324.80 324.87 324.94 325.01 325.08 325.15 325.22 325.28 325.35 325.41 325.45 325.49 325.53 325.57 325.61 325.66 325.71 325.74 325.77 325.81 325.84 325.88 325.92 325.95 325.99 326.07 326.26 326.44 326.63 326.86 327.14 327.42 327.70 327.99 328.61 329.24 329.88 330.18 330.43 330.68 330.92 331.29 331.70 332.20 332.75 333.30 333.86 334.68 335.41 336.04 336.23 336.43 336.73 337.08 337.44 337.79 338.24 338.85 339.45 340.00 340.06 340.36 340.66 340.96 341.11
324.44 324.44 324.49 324.56 324.63 324.70 324.77 324.84 324.91 324.98 325.05 325.11 325.18 325.25 325.31 325.35 325.39 325.43 325.47 325.51 325.55 325.60 325.64 325.67 325.71 325.74 325.78 325.82 325.85 325.89 325.93 325.98 326.08 326.26 326.49 326.77 327.06 327.33 327.60 327.89 328.41 329.04 329.56 329.85 330.13 330.37 330.69 331.09 331.50 331.94 332.49 333.06 333.60 334.17 334.99 335.45 335.97 336.32 336.67 337.02 337.36 337.71 338.25 338.83 339.35 339.73 340.00 340.26 340.52 340.65 340.79
324.40 324.40 324.46 324.53 324.60 324.67 324.74 324.81 324.88 324.94 325.01 325.08 325.15 325.21 325.25 325.29 325.33 325.37 325.41 325.44 325.49 325.53 325.58 325.61 325.64 325.68 325.71 325.75 325.79 325.83 325.87 325.93 326.00 326.12 326.39 326.66 326.93 327.20 327.50 327.80 328.21 328.84 329.19 329.49 329.79 330.08 330.51 330.95 331.39 331.83 332.33 332.84 333.35 333.87 334.46 335.07 335.59 336.05 336.40 336.74 337.09 337.62 338.20 338.67 339.05 339.43 339.81 340.06 340.20 340.34 340.47
324.36 324.37 324.43 324.50 324.57 324.64 324.71 324.77 324.84 324.91 324.98 325.05 325.11 325.14 325.18 325.22 325.26 325.30 325.34 325.38 325.42 325.47 325.51 325.54 325.58 325.61 325.65 325.69 325.72 325.76 325.82 325.89 325.96 326.00 326.26 326.54 326.81 327.11 327.40 327.70 328.01 328.53 328.83 329.15 329.51 329.77 330.01 330.46 330.90 331.34 331.97 332.48 332.99 333.55 334.15 334.72 335.20 335.69 336.13 336.47 336.99 337.54 338.01 338.39 338.78 339.17 339.46 339.66 339.84 340.02 340.15
324.32 324.33 324.40 324.47 324.54 324.60 324.67 324.74 324.81 324.88 324.95 325.00 325.04 325.08 325.12 325.16 325.20 325.24 325.28 325.32 325.36 325.41 325.44 325.48 325.51 325.55 325.59 325.62 325.66 325.72 325.78 325.85 325.91 325.98 326.14 326.41 326.71 327.01 327.31 327.61 327.90 328.23 328.59 328.95 329.23 329.46 329.71 329.95 330.35 330.89 331.51 332.11 332.65 333.25 333.84 334.34 334.81 335.30 335.79 336.28 336.76 337.23 337.70 338.14 338.53 338.82 339.04 339.23 339.41 339.59 339.67
324.29 324.30 324.37 324.43 324.50 324.57 324.64 324.71 324.78 324.85 324.90 324.94 324.98 325.02 325.06 325.10 325.14 325.18 325.22 325.26 325.30 325.35 325.38 325.41 325.45 325.49 325.52 325.56 325.61 325.67 325.74 325.80 325.87 325.94 326.01 326.30 326.58 326.87 327.15 327.34 327.56 328.03 328.39 328.70 328.92 329.16 329.40 329.65 329.88 330.41 331.03 331.66 332.24 332.80 333.35 333.93 334.43 334.91 335.41 335.98 336.46 336.93 337.39 337.86 338.18 338.40 338.62 338.80 338.96 339.05 339.09
324.25 324.26 324.33 324.40 324.47 324.54 324.61 324.68 324.75 324.80 324.84 324.88 324.92 324.96 325.00 325.04 325.07 325.11 325.15 325.19 325.24 325.28 325.31 325.35 325.39 325.42 325.46 325.50 325.56 325.63 325.70 325.76 325.83 325.89 325.96 326.12 326.41 326.61 326.79 326.91 327.29 327.77 328.18 328.39 328.61 328.86 329.08 329.26 329.59 329.94 330.51 331.12 331.73 332.31 332.88 333.45 334.01 334.49 335.05 335.62 336.16 336.60 337.04 337.43 337.70 337.97 338.19 338.31 338.40 338.49 338.52
324.22 324.23 324.30 324.37 324.44 324.51 324.58 324.65 324.70 324.73 324.77 324.81 324.85 324.89 324.93 324.97 325.01 325.05 325.09 325.13 325.18 325.22 325.25 325.29 325.32 325.36 325.40 325.45 325.52 325.59 325.65 325.72 325.79 325.85 325.92 325.97 326.05 326.23 326.36 326.53 327.01 327.37 327.75 328.08 328.31 328.48 328.66 328.94 329.29 329.64 329.99 330.59 331.20 331.81 332.39 332.96 333.53 334.05 334.59 335.13 335.68 336.19 336.62 336.91 337.18 337.47 337.68 337.77 337.86 337.94 337.95
324.18 324.20 324.27 324.34 324.41 324.48 324.55 324.59 324.63 324.67 324.71 324.75 324.79 324.83 324.87 324.91 324.95 324.99 325.03 325.07 325.11 325.15 325.19 325.22 325.26 325.30 325.34 325.41 325.48 325.54 325.61 325.68 325.74 325.81 325.85 325.89 325.93 325.98 326.00 326.11 326.39 326.76 327.17 327.58 327.84 328.06 328.30 328.63 328.94 329.27 329.71 330.19 330.79 331.39 331.94 332.51 333.08 333.59 334.03 334.58 335.14 335.71 336.13 336.42 336.71 337.00 337.15 337.25 337.34 337.42 337.47
324.15 324.17 324.24 324.31 324.38 324.45 324.49 324.53 324.57 324.61 324.65 324.69 324.73 324.77 324.81 324.85 324.89 324.93 324.97 325.01 325.05 325.09 325.12 325.16 325.20 325.24 325.30 325.37 325.43 325.50 325.57 325.64 325.69 325.73 325.77 325.82 325.87 325.92 325.97 326.00 326.00 326.24 326.66 326.98 327.23 327.61 327.91 328.21 328.55 328.99 329.42 329.85 330.39 330.98 331.52 332.07 332.64 333.14 333.58 334.10 334.67 335.20 335.59 335.93 336.23 336.51 336.62 336.73 336.82 336.90 336.97
324.11 324.14 324.21 324.28 324.35 324.39 324.43 324.47 324.51 324.55 324.59 324.63 324.67 324.70 324.74 324.78 324.82 324.86 324.90 324.94 324.99 325.02 325.06 325.09 325.13 325.19 325.26 325.32 325.39 325.46 325.53 325.57 325.61 325.65 325.70 325.75 325.80 325.85 325.90 325.96 326.00 326.00 326.13 326.51 326.89 327.23 327.52 327.85 328.26 328.70 329.13 329.57 330.00 330.56 331.10 331.64 332.19 332.70 333.18 333.68 334.19 334.64 335.03 335.38 335.72 335.97 336.08 336.19 336.30 336.37 336.44
324.08 324.11 324.18 324.24 324.29 324.33 324.36 324.40 324.44 324.48 324.52 324.56 324.60 324.64 324.68 324.72 324.76 324.80 324.84 324.88 324.92 324.96 324.99 325.03 325.08 325.15 325.22 325.28 325.35 325.41 325.45 325.49 325.54 325.59 325.64 325.69 325.74 325.79 325.84 325.89 325.94 325.99 326.00 326.17 326.55 326.84 327.21 327.59 327.96 328.38 328.82 329.25 329.70 330.18 330.71 331.24 331.76 332.27 332.73 333.19 333.64 334.08 334.48 334.79 335.07 335.27 335.42 335.56 335.68 335.76 335.87
324.04 324.07 324.14 324.18 324.22 324.26 324.30 324.34 324.38 324.42 324.46 324.50 324.54 324.58 324.62 324.66 324.70 324.74 324.78 324.82 324.86 324.89 324.93 324.97 325.04 325.11 325.17 325.24 325.29 325.33 325.38 325.43 325.48 325.53 325.58 325.63 325.68 325.73 325.78 325.83 325.88 325.93 325.98 326.00 326.20 326.58 326.95 327.32 327.69 328.07 328.50 328.94 329.40 329.86 330.36 330.89 331.32 331.75 332.18 332.64 333.08 333.49 333.82 334.11 334.39 334.58 334.71 334.82 334.94 334.93 335.04
324.01 324.04 324.08 324.12 324.16 324.20 324.24 324.28 324.32 324.36 324.40 324.44 324.48 324.52 324.56 324.60 324.63 324.67 324.71 324.75 324.79 324.83 324.87 324.93 325.00 325.06 325.13 325.17 325.21 325.26 325.31 325.36 325.41 325.47 325.52 325.57 325.62 325.67 325.72 325.77 325.82 325.87 325.92 325.97 326.00 326.31 326.69 327.06 327.42 327.79 328.19 328.64 329.10 329.53 329.96 330.39 330.83 331.25 331.67 332.02 332.38 332.74 333.07 333.37 333.68 333.84 333.96 334.08 334.18 334.16 334.21
324.00 324.01 324.03 324.06 324.10 324.14 324.18 324.22 324.26 324.29 324.33 324.37 324.41 324.45 324.49 324.53 324.57 324.61 324.65 324.69 324.73 324.77 324.82 324.89 324.96 325.01 325.05 325.10 325.15 325.20 325.25 325.30 325.35 325.40 325.45 325.50 325.55 325.60 325.65 325.70 325.76 325.81 325.86 325.91 325.96 326.05 326.41 326.76 327.12 327.47 327.78 328.16 328.56 328.97 329.40 329.88 330.33 330.75 331.11 331.39 331.70 332.00 332.32 332.61 332.90 333.06 333.18 333.30 333.39 333.37 333.55
324.00 324.00 324.03 324.05 324.08 324.10 324.12 324.15 324.19 324.23 324.27 324.31 324.35 324.39 324.43 324.47 324.51 324.55 324.59 324.63 324.67 324.71 324.78 324.85 324.89 324.94 324.99 325.04 325.09 325.14 325.19 325.24 325.29 325.34 325.39 325.44 325.49 325.54 325.59 325.64 325.69 325.73 325.78 325.82 325.87 325.92 326.02 326.38 326.68 326.98 327.29 327.65 328.00 328.41 328.84 329.33 329.81 330.21 330.49 330.78 331.07 331.37 331.62 331.87 332.13 332.28 332.39 332.51 332.58 332.73 332.92
324.00 324.00 324.02 324.05 324.07 324.09 324.12 324.14 324.17 324.19 324.21 324.25 324.29 324.33 324.37 324.41 324.45 324.49 324.53 324.57 324.60 324.67 324.72 324.77 324.82 324.87 324.92 324.97 325.03 325.08 325.13 325.18 325.23 325.27 325.32 325.37 325.41 325.46 325.50 325.55 325.60 325.64 325.69 325.73 325.78 325.83 325.90 325.98 326.19 326.50 326.80 327.16 327.52 327.87 328.29 328.73 329.16 329.54 329.86 330.16 330.44 330.73 330.98 331.20 331.39 331.51 331.62 331.73 331.89 332.09 332.28
324.00 324.00 324.02 324.04 324.07 324.09 324.11 324.14 324.16 324.19 324.21 324.23 324.26 324.28 324.30 324.34 324.38 324.42 324.46 324.50 324.56 324.61 324.66 324.71 324.76 324.81 324.86 324.91 324.95 325.00 325.05 325.09 325.14 325.18 325.23 325.28 325.32 325.37 325.41 325.46 325.51 325.55 325.60 325.64 325.69 325.74 325.80 325.88 325.94 326.01 326.32 326.67 327.02 327.35 327.69 328.03 328.46 328.84 329.16 329.48 329.80 330.06 330.26 330.45 330.64 330.75 330.89 331.03 331.21 331.42 331.62
324.00 324.00 324.01 324.04 324.06 324.08 324.11 324.13 324.16 324.18 324.20 324.23 324.25 324.27 324.30 324.32 324.35 324.37 324.40 324.45 324.50 324.54 324.59 324.63 324.68 324.73 324.77 324.82 324.86 324.91 324.96 325.00 325.05 325.09 325.14 325.19 325.23 325.28 325.32 325.37 325.41 325.46 325.51 325.55 325.60 325.64 325.70 325.79 325.85 325.91 325.97 326.13 326.47 326.80 327.14 327.48 327.81 328.16 328.51 328.86 329.21 329.44 329.60 329.76 329.91 330.05 330.19 330.34 330.53 330.82 331.11
324.00 324.00 324.01 324.03 324.05 324.08 324.10 324.13 324.15 324.17 324.20 324.22 324.24 324.27 324.29 324.32 324.34 324.36 324.38 324.39 324.42 324.45 324.50 324.54 324.59 324.63 324.68 324.73 324.77 324.82 324.86 324.91 324.96 325.00 325.05 325.09 325.14 325.19 325.23 325.28 325.32 325.37 325.42 325.46 325.51 325.55 325.60 325.69 325.75 325.81 325.87 325.93 325.98 326.23 326.57 326.90 327.24 327.58 327.94 328.29 328.60 328.82 329.00 329.16 329.27 329.39 329.53 329.70 330.02 330.32 330.63
324.00 324.00 324.00 324.02 324.05 324.07 324.09 324.12 324.14 324.17 324.19 324.21 324.24 324.26 324.28 324.30 324.32 324.34 324.36 324.37 324.38 324.41 324.44 324.47 324.50 324.54 324.59 324.64 324.68 324.73 324.77 324.82 324.87 324.91 324.96 325.00 325.05 325.10 325.14 325.19 325.23 325.28 325.33 325.37 325.42 325.46 325.51 325.59 325.65 325.71 325.77 325.83 325.89 325.94 326.00 326.33 326.67 327.01 327.35 327.71 327.98 328.19 328.40 328.53 328.63 328.74 328.88 329.14 329.47 329.80 330.16
