_package/tests/test_files/testSlopedAbutment_base.asc
ncols 56
nrows 53
xllcorner -17.5000000000000
yllcorner -17.5000000000000
cellsize 1.0000000000000
NODATA_value nan
nan nan nan nan nan nan nan nan nan nan nan nan nan nan nan nan nan nan nan nan nan nan nan nan nan nan nan nan nan nan nan nan nan nan nan nan nan nan nan nan nan nan nan nan nan nan nan nan nan nan nan nan nan nan nan nan 
nan nan nan nan nan nan nan nan nan nan nan nan nan nan nan nan nan nan nan nan nan nan nan nan nan 1.12 1.72 2.06 2.38 2.71 3.03 3.09 nan nan nan nan nan nan nan nan nan nan nan nan nan nan nan nan nan nan nan nan nan nan nan nan 
nan nan nan nan nan nan nan nan nan nan nan nan nan nan nan nan nan nan nan nan nan nan 0.14 0.74 1.34 1.93 2.53 3.02 3.34 3.67 3.99 4.10 4.12 4.14 4.04 nan nan nan nan nan nan nan nan nan nan nan nan nan nan nan nan nan nan nan nan nan 
nan nan nan nan nan nan nan nan nan nan nan nan nan nan nan nan nan nan nan nan nan 0.20 0.91 1.55 2.15 2.75 3.35 3.95 4.30 4.62 4.95 5.11 5.13 5.15 5.01 4.73 nan nan nan nan nan nan nan nan nan nan nan nan nan nan nan nan nan nan nan nan 
nan nan nan nan nan nan nan nan nan nan nan nan nan nan nan nan nan nan nan nan 0.20 0.91 1.62 2.32 2.97 3.57 4.16 4.76 5.26 5.58 5.91 6.12 6.14 6.17 5.98 5.70 5.42 5.03 nan nan nan nan nan nan nan nan nan nan nan nan nan nan nan nan nan nan 
nan nan nan nan nan nan nan nan nan nan nan nan nan nan nan nan nan nan nan 0.20 0.91 1.62 2.32 3.03 3.74 4.38 4.98 5.58 6.18 6.54 6.87 7.13 7.16 7.18 6.95 6.67 6.36 5.94 5.51 5.09 nan nan nan nan nan nan nan nan nan nan nan nan nan nan nan nan 
nan nan nan nan nan nan nan nan nan nan nan nan nan nan nan nan nan nan 0.20 0.91 1.62 2.32 3.03 3.74 4.44 5.15 5.80 6.39 6.99 7.50 7.82 8.14 8.17 8.19 7.93 7.64 7.27 6.84 6.42 6.00 5.58 5.15 nan nan nan nan nan nan nan nan nan nan nan nan nan nan 
nan nan nan nan nan nan nan nan nan nan nan nan nan nan nan nan nan 0.20 0.91 1.62 2.32 3.03 3.74 4.44 5.15 5.86 6.56 7.21 7.81 8.41 8.78 9.11 9.18 9.18 8.90 8.59 8.17 7.75 7.33 6.90 6.48 6.06 5.64 5.21 nan nan nan nan nan nan nan nan nan nan nan nan 
nan nan nan nan nan nan nan nan nan nan nan nan nan nan nan nan 0.20 0.91 1.62 2.32 3.03 3.74 4.44 5.15 5.86 6.56 7.27 7.98 8.62 9.22 9.74 10.06 10.19 10.15 9.87 9.50 9.08 8.66 8.23 7.81 7.39 6.97 6.54 6.12 5.70 5.27 nan nan nan nan nan nan nan nan nan nan 
nan nan nan nan nan nan nan nan nan nan nan nan nan nan nan 0.20 0.91 1.62 2.32 3.03 3.74 4.44 5.15 5.86 6.56 7.27 7.98 8.69 9.39 10.04 10.64 11.02 11.20 11.12 10.83 10.41 9.98 9.56 9.14 8.72 8.29 7.87 7.45 7.03 6.60 6.18 5.72 5.17 4.62 nan nan nan nan nan nan nan 
nan nan nan nan nan nan nan nan nan nan nan nan nan nan 0.20 0.91 1.62 2.32 3.03 3.74 4.44 5.15 5.86 6.56 7.27 7.98 8.69 9.39 10.10 10.81 11.45 11.98 12.21 12.09 11.74 11.31 10.89 10.47 10.05 9.62 9.20 8.78 8.36 7.93 7.51 7.09 6.57 6.02 5.47 4.73 3.97 nan nan nan nan nan 
nan nan nan nan nan nan nan nan nan nan nan nan nan 0.20 0.91 1.62 2.32 3.03 3.74 4.44 5.15 5.86 6.56 7.27 7.98 8.69 9.39 10.10 10.81 11.51 12.22 12.87 13.22 13.07 12.64 12.22 11.80 11.37 10.95 10.53 10.11 9.68 9.26 8.84 8.42 7.96 7.41 6.87 6.15 5.39 4.64 3.88 nan nan nan nan 
nan nan nan nan nan nan nan nan nan nan nan nan 0.20 0.91 1.62 2.32 3.03 3.74 4.44 5.15 5.86 6.56 7.27 7.98 8.69 9.39 10.10 10.81 11.51 12.22 12.93 13.64 14.22 13.97 13.55 13.13 12.70 12.28 11.86 11.44 11.01 10.59 10.17 9.75 9.32 8.81 8.26 7.58 6.82 6.06 5.26 4.35 3.44 nan nan nan 
nan nan nan nan nan nan nan nan nan nan nan 0.20 0.91 1.62 2.32 3.03 3.74 4.44 5.15 5.86 6.56 7.27 7.98 8.69 9.39 10.10 10.81 11.51 12.22 12.93 13.64 14.34 15.00 14.88 14.46 14.03 13.61 13.19 12.76 12.34 11.92 11.50 11.07 10.65 10.20 9.66 9.00 8.24 7.49 6.61 5.70 4.79 3.88 nan nan nan 
nan nan nan nan nan nan nan nan nan nan 0.20 0.91 1.62 2.32 3.03 3.74 4.44 5.15 5.86 6.56 7.27 7.98 8.69 9.39 10.10 10.81 11.51 12.22 12.93 13.64 14.34 15.00 15.00 15.00 15.00 14.94 14.52 14.09 13.67 13.25 12.83 12.40 11.98 11.56 11.05 10.42 9.67 8.87 7.96 7.05 6.14 5.23 4.31 3.32 nan nan 
nan nan nan nan nan nan nan nan nan 0.20 0.91 1.62 2.32 3.03 3.74 4.44 5.15 5.86 6.56 7.27 7.98 8.69 9.39 10.10 10.81 11.51 12.22 12.93 13.64 14.34 15.00 15.00 15.00 15.00 15.00 15.00 15.00 15.00 14.58 14.15 13.73 13.31 12.89 12.45 11.85 11.09 10.22 9.31 8.40 7.47 6.48 5.48 4.49 3.49 nan nan 
nan nan nan nan nan nan nan nan 0.20 0.91 1.62 2.32 3.03 3.74 4.44 5.15 5.86 6.56 7.27 7.98 8.69 9.39 10.10 10.81 11.51 12.22 12.93 13.64 14.34 15.00 15.00 15.00 15.00 15.00 15.00 15.00 15.00 15.00 15.00 15.00 14.64 14.22 13.79 13.27 12.47 11.56 10.63 9.63 8.64 7.65 6.65 5.66 4.66 3.67 2.67 nan 
nan nan nan nan nan nan nan 0.20 0.91 1.62 2.32 3.03 3.74 4.44 5.15 5.86 6.56 7.27 7.98 8.69 9.39 10.10 10.81 11.51 12.22 12.93 13.64 14.34 15.00 15.00 15.00 15.00 15.00 15.00 15.00 15.00 15.00 15.00 15.00 15.00 15.00 15.00 14.69 13.79 12.79 11.80 10.80 9.81 8.81 7.82 6.81 5.81 4.80 3.80 2.79 nan 
nan nan nan nan nan nan 0.20 0.91 1.62 2.32 3.03 3.74 4.44 5.15 5.86 6.56 7.27 7.98 8.69 9.39 10.10 10.81 11.51 12.22 12.93 13.64 14.34 15.00 15.00 15.00 15.00 15.00 15.00 15.00 15.00 15.00 15.00 15.00 15.00 15.00 15.00 15.00 14.34 13.59 12.68 11.73 10.73 9.72 8.72 7.71 6.71 5.71 4.70 3.70 2.69 nan 
nan nan nan nan nan 0.20 0.91 1.62 2.32 3.03 3.74 4.44 5.15 5.86 6.56 7.27 7.98 8.69 9.39 10.10 10.81 11.51 12.22 12.93 13.64 14.34 15.00 15.00 15.00 15.00 15.00 15.00 15.00 15.00 15.00 15.00 15.00 15.00 15.00 15.00 15.00 14.34 13.64 12.93 12.18 11.37 10.43 9.49 8.55 7.61 6.61 5.61 4.60 3.60 2.59 nan 
nan nan nan nan 0.20 0.91 1.62 2.32 3.03 3.74 4.44 5.15 5.86 6.56 7.27 7.98 8.69 9.39 10.10 10.81 11.51 12.22 12.93 13.64 14.34 15.00 15.00 15.00 15.00 15.00 15.00 15.00 15.00 15.00 15.00 15.00 15.00 15.00 15.00 15.00 14.34 13.64 12.93 12.22 11.51 10.77 9.96 9.12 8.18 7.24 6.30 5.36 4.42 3.48 2.49 nan 
nan nan nan 0.20 0.91 1.62 2.32 3.03 3.74 4.44 5.15 5.86 6.56 7.27 7.98 8.69 9.39 10.10 10.81 11.51 12.22 12.93 13.64 14.34 15.00 15.00 15.00 15.00 15.00 15.00 15.00 15.00 15.00 15.00 15.00 15.00 15.00 15.00 15.00 14.34 13.64 12.93 12.22 11.51 10.81 10.10 9.35 8.55 7.74 6.87 5.93 4.99 4.05 3.11 2.17 nan 
nan nan nan 0.82 1.62 2.32 3.03 3.74 4.44 5.15 5.86 6.56 7.27 7.98 8.69 9.39 10.10 10.81 11.51 12.22 12.93 13.64 14.34 15.00 15.00 15.00 15.00 15.00 15.00 15.00 15.00 15.00 15.00 15.00 15.00 15.00 15.00 15.00 14.34 13.64 12.93 12.22 11.51 10.81 10.10 9.39 8.69 7.94 7.13 6.33 5.52 4.62 3.68 2.74 1.80 nan 
nan nan 0.63 1.43 2.23 3.03 3.74 4.44 5.15 5.86 6.56 7.27 7.98 8.69 9.39 10.10 10.81 11.51 12.22 12.93 13.64 14.34 15.00 15.00 15.00 15.00 15.00 15.00 15.00 15.00 15.00 15.00 15.00 15.00 15.00 15.00 15.00 14.34 13.64 12.93 12.22 11.51 10.81 10.10 9.39 8.69 7.98 7.27 6.52 5.72 4.91 4.11 3.30 2.38 1.44 nan 
nan nan 1.24 2.04 2.84 3.64 4.44 5.15 5.86 6.56 7.27 7.98 8.69 9.39 10.10 10.81 11.51 12.22 12.93 13.64 14.34 15.00 15.00 15.00 15.00 15.00 15.00 15.00 15.00 15.00 15.00 15.00 15.00 15.00 15.00 15.00 14.34 13.64 12.93 12.22 11.51 10.81 10.10 9.39 8.69 7.98 7.27 6.56 5.86 5.11 4.30 3.50 2.70 1.89 1.07 nan 
nan nan 1.82 2.66 3.46 4.26 5.06 5.86 6.56 7.27 7.98 8.69 9.39 10.10 10.81 11.51 12.22 12.93 13.64 14.34 15.00 15.00 15.00 15.00 15.00 15.00 15.00 15.00 15.00 15.00 15.00 15.00 15.00 15.00 15.00 14.34 13.64 12.93 12.22 11.51 10.81 10.10 9.39 8.69 7.98 7.27 6.56 5.86 5.15 4.44 3.69 2.89 2.09 1.28 nan nan 
nan 1.28 2.21 3.14 4.07 4.87 5.67 6.47 7.27 7.98 8.69 9.39 10.10 10.81 11.51 12.22 12.93 13.64 14.34 15.00 15.00 15.00 15.00 15.00 15.00 15.00 15.00 15.00 15.00 15.00 15.00 15.00 15.00 15.00 14.34 13.64 12.93 12.22 11.51 10.81 10.10 9.39 8.69 7.98 7.27 6.56 5.86 5.15 4.44 3.74 3.03 2.28 1.48 0.67 nan nan 
nan 1.66 2.59 3.53 4.46 5.39 6.29 7.09 7.89 8.69 9.39 10.10 10.81 11.51 12.22 12.93 13.64 14.34 15.00 15.00 15.00 15.00 15.00 15.00 15.00 15.00 15.00 15.00 15.00 15.00 15.00 15.00 15.00 14.34 13.64 12.93 12.22 11.51 10.81 10.10 9.39 8.69 7.98 7.27 6.56 5.86 5.15 4.44 3.74 3.03 2.32 1.62 0.87 nan nan nan 
nan 2.05 2.98 3.91 4.84 5.78 6.71 7.64 8.50 9.30 10.10 10.81 11.51 12.22 12.93 13.64 14.34 15.00 15.00 15.00 15.00 15.00 15.00 15.00 15.00 15.00 15.00 15.00 15.00 15.00 15.00 15.00 14.34 13.64 12.93 12.22 11.51 10.81 10.10 9.39 8.69 7.98 7.27 6.56 5.86 5.15 4.44 3.74 3.03 2.32 1.62 0.91 0.20 nan nan nan 
nan 2.21 3.21 4.21 5.21 6.16 7.09 8.02 8.96 9.89 10.71 11.51 12.22 12.93 13.64 14.34 15.00 15.00 15.00 15.00 15.00 15.00 15.00 15.00 15.00 15.00 15.00 15.00 15.00 15.00 15.00 14.34 13.64 12.93 12.22 11.51 10.81 10.10 9.39 8.69 7.98 7.27 6.56 5.86 5.15 4.44 3.74 3.03 2.32 1.62 0.91 0.20 nan nan nan nan 
nan 2.34 3.34 4.34 5.34 6.34 7.34 8.34 9.34 10.27 11.21 12.13 12.93 13.64 14.34 15.00 15.00 15.00 15.00 15.00 15.00 15.00 15.00 15.00 15.00 15.00 15.00 15.00 15.00 15.00 14.34 13.64 12.93 12.22 11.51 10.81 10.10 9.39 8.69 7.98 7.27 6.56 5.86 5.15 4.44 3.74 3.03 2.32 1.62 0.91 0.20 nan nan nan nan nan 
nan 2.47 3.47 4.47 5.47 6.47 7.47 8.47 9.47 10.47 11.47 12.47 13.46 14.34 15.00 15.00 15.00 15.00 15.00 15.00 15.00 15.00 15.00 15.00 15.00 15.00 15.00 15.00 15.00 14.34 13.64 12.93 12.22 11.51 10.81 10.10 9.39 8.69 7.98 7.27 6.56 5.86 5.15 4.44 3.74 3.03 2.32 1.62 0.91 0.20 nan nan nan nan nan nan 
nan nan 3.47 4.47 5.47 6.47 7.47 8.47 9.47 10.47 11.47 12.47 13.43 14.29 15.00 15.00 15.00 15.00 15.00 15.00 15.00 15.00 15.00 15.00 15.00 15.00 15.00 15.00 14.34 13.64 12.93 12.22 11.51 10.81 10.10 9.39 8.69 7.98 7.27 6.56 5.86 5.15 4.44 3.74 3.03 2.32 1.62 0.91 0.20 nan nan nan nan nan nan nan 
nan nan 3.33 4.33 5.33 6.33 7.33 8.33 9.32 10.25 11.18 12.09 12.88 13.59 14.29 15.00 15.00 15.00 15.00 15.00 15.00 15.00 15.00 15.00 15.00 15.00 15.00 14.34 13.64 12.93 12.22 11.51 10.81 10.10 9.39 8.69 7.98 7.27 6.56 5.86 5.15 4.44 3.74 3.03 2.32 1.62 0.91 0.20 nan nan nan nan nan nan nan nan 
nan nan 3.20 4.20 5.20 6.13 7.07 8.00 8.93 9.86 10.67 11.46 12.17 12.88 13.59 14.29 15.00 15.00 15.00 15.00 15.00 15.00 15.00 15.00 15.00 15.00 14.34 13.64 12.93 12.22 11.51 10.81 10.10 9.39 8.69 7.98 7.27 6.56 5.86 5.15 4.44 3.74 3.03 2.32 1.62 0.91 0.20 nan nan nan nan nan nan nan nan nan 
nan nan nan 3.88 4.82 5.75 6.68 7.61 8.46 9.26 10.05 10.76 11.46 12.17 12.88 13.59 14.29 15.00 15.00 15.00 15.00 15.00 15.00 15.00 15.00 14.34 13.64 12.93 12.22 11.51 10.81 10.10 9.39 8.69 7.98 7.27 6.56 5.86 5.15 4.44 3.74 3.03 2.32 1.62 0.91 0.20 nan nan nan nan nan nan nan nan nan nan 
nan nan nan nan 4.43 5.36 6.24 7.04 7.84 8.64 9.34 10.05 10.76 11.46 12.17 12.88 13.59 14.29 15.00 15.00 15.00 15.00 15.00 15.00 14.34 13.64 12.93 12.22 11.51 10.81 10.10 9.39 8.69 7.98 7.27 6.56 5.86 5.15 4.44 3.74 3.03 2.32 1.62 0.91 0.20 nan nan nan nan nan nan nan nan nan nan nan 
nan nan nan nan nan 4.83 5.63 6.43 7.22 7.93 8.64 9.34 10.05 10.76 11.46 12.17 12.88 13.59 14.29 15.00 15.00 15.00 15.00 14.34 13.64 12.93 12.22 11.51 10.81 10.10 9.39 8.69 7.98 7.27 6.56 5.86 5.15 4.44 3.74 3.03 2.32 1.62 0.91 0.20 nan nan nan nan nan nan nan nan nan nan nan nan 
nan nan nan nan nan nan 5.01 5.81 6.51 7.22 7.93 8.64 9.34 10.05 10.76 11.46 12.17 12.88 13.59 14.29 15.00 15.00 14.34 13.64 12.93 12.22 11.51 10.81 10.10 9.39 8.69 7.98 7.27 6.56 5.86 5.15 4.44 3.74 3.03 2.32 1.62 0.91 0.20 nan nan nan nan nan nan nan nan nan nan nan nan nan 
nan nan nan nan nan nan nan 5.10 5.81 6.51 7.22 7.93 8.64 9.34 10.05 10.76 11.46 12.17 12.88 13.59 14.29 14.34 13.64 12.93 12.22 11.51 10.81 10.10 9.39 8.69 7.98 7.27 6.56 5.86 5.15 4.44 3.74 3.03 2.32 1.62 0.91 0.20 nan nan nan nan nan nan nan nan nan nan nan nan nan nan 
nan nan nan nan nan nan nan nan 5.10 5.81 6.51 7.22 7.93 8.64 9.34 10.05 10.76 11.46 12.17 12.88 13.43 13.46 12.93 12.22 11.51 10.81 10.10 9.39 8.69 7.98 7.27 6.56 5.86 5.15 4.44 3.74 3.03 2.32 1.62 0.91 0.20 nan nan nan nan nan nan nan nan nan nan nan nan nan nan nan 
nan nan nan nan nan nan nan nan nan 5.10 5.81 6.51 7.22 7.93 8.64 9.34 10.05 10.76 11.46 12.09 12.47 12.47 12.13 11.51 10.81 10.10 9.39 8.69 7.98 7.27 6.56 5.86 5.15 4.44 3.74 3.03 2.32 1.62 0.91 0.20 nan nan nan nan nan nan nan nan nan nan nan nan nan nan nan nan 
nan nan nan nan nan nan nan nan nan nan 5.10 5.81 6.51 7.22 7.93 8.64 9.34 10.05 10.67 11.18 11.47 11.47 11.21 10.71 10.10 9.39 8.69 7.98 7.27 6.56 5.86 5.15 4.44 3.74 3.03 2.32 1.62 0.91 0.20 nan nan nan nan nan nan nan nan nan nan nan nan nan nan nan nan nan 
nan nan nan nan nan nan nan nan nan nan nan 5.10 5.81 6.51 7.22 7.93 8.64 9.26 9.86 10.25 10.47 10.47 10.27 9.89 9.30 8.69 7.98 7.27 6.56 5.86 5.15 4.44 3.74 3.03 2.32 1.62 0.91 0.20 nan nan nan nan nan nan nan nan nan nan nan nan nan nan nan nan nan nan 
nan nan nan nan nan nan nan nan nan nan nan nan 5.10 5.81 6.51 7.22 7.84 8.46 8.93 9.32 9.47 9.47 9.34 8.96 8.50 7.89 7.27 6.56 5.86 5.15 4.44 3.74 3.03 2.32 1.62 0.91 0.20 nan nan nan nan nan nan nan nan nan nan nan nan nan nan nan nan nan nan nan 
nan nan nan nan nan nan nan nan nan nan nan nan nan 5.10 5.81 6.43 7.04 7.61 8.00 8.33 8.47 8.47 8.34 8.02 7.64 7.09 6.47 5.86 5.15 4.44 3.74 3.03 2.32 1.62 0.91 0.20 nan nan nan nan nan nan nan nan nan nan nan nan nan nan nan nan nan nan nan nan 
nan nan nan nan nan nan nan nan nan nan nan nan nan nan 5.01 5.63 6.24 6.68 7.07 7.33 7.47 7.47 7.34 7.09 6.71 6.29 5.67 5.06 4.44 3.74 3.03 2.32 1.62 0.91 0.20 nan nan nan nan nan nan nan nan nan nan nan nan nan nan nan nan nan nan nan nan nan 
nan nan nan nan nan nan nan nan nan nan nan nan nan nan nan 4.83 5.36 5.75 6.13 6.33 6.47 6.47 6.34 6.16 5.78 5.39 4.87 4.26 3.64 3.03 2.32 1.62 0.91 0.20 nan nan nan nan nan nan nan nan nan nan nan nan nan nan nan nan nan nan nan nan nan nan 
nan nan nan nan nan nan nan nan nan nan nan nan nan nan nan nan 4.43 4.82 5.20 5.33 5.47 5.47 5.34 5.21 4.84 4.46 4.07 3.46 2.84 2.23 1.62 0.91 0.20 nan nan nan nan nan nan nan nan nan nan nan nan nan nan nan nan nan nan nan nan nan nan nan 
nan nan nan nan nan nan nan nan nan nan nan nan nan nan nan nan nan 3.88 4.20 4.33 4.47 4.47 4.34 4.21 3.91 3.53 3.14 2.66 2.04 1.43 0.82 0.20 nan nan nan nan nan nan nan nan nan nan nan nan nan nan nan nan nan nan nan nan nan nan nan nan 
nan nan nan nan nan nan nan nan nan nan nan nan nan nan nan nan nan nan 3.20 3.33 3.47 3.47 3.34 3.21 2.98 2.59 2.21 1.82 1.24 0.63 nan nan nan nan nan nan nan nan nan nan nan nan nan nan nan nan nan nan nan nan nan nan nan nan nan nan 
nan nan nan nan nan nan nan nan nan nan nan nan nan nan nan nan nan nan nan nan nan 2.47 2.34 2.21 2.05 1.66 1.28 nan nan nan nan nan nan nan nan nan nan nan nan nan nan nan nan nan nan nan nan nan nan nan nan nan nan nan nan nan 
nan nan nan nan nan nan nan nan nan nan nan nan nan nan nan nan nan nan nan nan nan nan nan nan nan nan nan nan nan nan nan nan nan nan nan nan nan nan nan nan nan nan nan nan nan nan nan nan nan nan nan nan nan nan nan nan 
